0 0.86875 0.30625 0.06953125 0.171875
1 0.32578125 0.3296875 0.0703125 0.14375
1 0.18671875 0.2015625 0.0921875 0.1140625
1 0.39453125 0.56640625 0.10859375 0.1171875
1 0.5953125 0.5921875 0.09921875 0.0984375
1 0.8390625 0.66484375 0.090625 0.1203125
1 0.9375 0.615625 0.125 0.07578125
1 0.9609375 0.734375 0.078125 0.140625
1 0.2203125 0.67890625 0.1046875 0.125
1 0.70234375 0.71796875 0.0984375 0.1171875
1 0.62890625 0.7109375 0.08046875 0.13828125
0 0.475 0.66953125 0.096875 0.13359375
1 0.5109375 0.59453125 0.05390625 0.15
1 0.79140625 0.75390625 0.09375 0.1
1 0.10078125 0.775 0.09765625 0.08125
1 0.29375 0.77890625 0.0984375 0.07265625