0 0.475 0.58359375 0.06953125 0.15625
1 0.69609375 0.5578125 0.0546875 0.12265625
0 0.603125 0.4578125 0.0796875 0.1546875
0 0.4296875 0.37890625 0.0890625 0.1375
1 0.88828125 0.2078125 0.08984375 0.10390625
1 0.83203125 0.5328125 0.05234375 0.134375
1 0.9 0.6390625 0.0578125 0.1421875
1 0.31484375 0.79296875 0.0765625 0.09453125
1 0.28125 0.4296875 0.10078125 0.11484375
1 0.35390625 0.53359375 0.07265625 0.109375
1 0.40390625 0.6171875 0.05859375 0.1296875
1 0.81015625 0.7265625 0.1046875 0.0703125
1 0.61015625 0.653125 0.08125 0.0890625
1 0.571875 0.68515625 0.0703125 0.10859375
1 0.11640625 0.5671875 0.0578125 0.14375
1 0.18125 0.615625 0.065625 0.14765625
1 0.18984375 0.4953125 0.10234375 0.0984375
1 0.28046875 0.51328125 0.08359375 0.0921875
0 0.315625 0.6796875 0.08203125 0.14765625
0 0.715625 0.66640625 0.11484375 0.11953125
1 0.82734375 0.66953125 0.09765625 0.06796875
1 0.78125 0.58671875 0.04609375 0.1265625
1 0.5 0.67109375 0.06015625 0.13203125
1 0.35390625 0.6296875 0.04453125 0.14296875