0 0.88984375 0.2515625 0.10703125 0.11015625
0 0.83828125 0.3484375 0.09609375 0.1328125
0 0.36875 0.48984375 0.053125 0.15390625
0 0.271875 0.13359375 0.08046875 0.1703125
0 0.4765625 0.61796875 0.0703125 0.1515625
0 0.88828125 0.584375 0.11640625 0.109375
1 0.4546875 0.4859375 0.053125 0.12890625
1 0.6515625 0.45859375 0.046875 0.12578125
1 0.96875 0.16171875 0.0625 0.10625
1 0.41015625 0.31875 0.0984375 0.1046875
1 0.096875 0.14296875 0.071875 0.13984375
1 0.0390625 0.25078125 0.078125 0.14375
1 0.0546875 0.45234375 0.109375 0.0875
1 0.1859375 0.63515625 0.10546875 0.09296875
1 0.69296875 0.63359375 0.09453125 0.0828125
1 0.6578125 0.58046875 0.08515625 0.1234375
1 0.428125 0.6109375 0.075 0.10859375
1 0.3296875 0.60234375 0.05078125 0.125
1 0.5875 0.41015625 0.06015625 0.14375