0 0.43828125 0.2078125 0.109375 0.15
1 0.52421875 0.28984375 0.0984375 0.12265625
0 0.2359375 0.33515625 0.0734375 0.16484375
1 0.28984375 0.63515625 0.0640625 0.13359375
1 0.07109375 0.64453125 0.1015625 0.10546875
1 0.26171875 0.72578125 0.09453125 0.10390625
1 0.36953125 0.65078125 0.1046875 0.09296875
1 0.38984375 0.56484375 0.13046875 0.07421875
1 0.49921875 0.61328125 0.071875 0.146875
0 0.64375 0.578125 0.071875 0.1546875
1 0.909375 0.6046875 0.07890625 0.13203125
1 0.54609375 0.69375 0.06796875 0.12734375
1 0.12734375 0.3890625 0.07109375 0.09453125
1 0.053125 0.37109375 0.09375 0.096875
1 0.23203125 0.90078125 0.13671875 0.1484375
1 0.48515625 0.85546875 0.12578125 0.06015625
1 0.84765625 0.78359375 0.10234375 0.0921875
1 0.59140625 0.784375 0.1171875 0.0953125
1 0.32734375 0.7953125 0.12265625 0.090625
1 0.70625 0.6453125 0.0734375 0.13828125
1 0.1640625 0.77890625 0.11796875 0.08515625
1 0.93515625 0.771875 0.04921875 0.1296875
1 0.37734375 0.74765625 0.11796875 0.07578125
1 0.48828125 0.75703125 0.0421875 0.11328125
1 0.73671875 0.603125 0.06171875 0.08828125
1 0.80546875 0.71484375 0.05859375 0.125