0 0.4859375 0.68984375 0.11796875 0.1125
1 0.50703125 0.4140625 0.10078125 0.10625
1 0.5203125 0.15859375 0.04921875 0.13671875
1 0.2484375 0.215625 0.11171875 0.07421875
1 0.284375 0.44140625 0.075 0.12265625
1 0.840625 0.4234375 0.10546875 0.10390625
1 0.9203125 0.340625 0.059375 0.15390625
1 0.671875 0.5609375 0.0484375 0.12890625
1 0.67421875 0.65859375 0.10078125 0.08671875
1 0.55703125 0.68359375 0.06640625 0.1296875
1 0.3234375 0.7125 0.0625 0.12109375
1 0.22890625 0.77578125 0.09453125 0.078125
1 0.125 0.78203125 0.090625 0.07421875
1 0.1421875 0.7140625 0.09296875 0.065625
1 0.15234375 0.62734375 0.05859375 0.125
1 0.93203125 0.64375 0.08359375 0.10078125
1 0.60859375 0.47109375 0.06640625 0.12109375
1 0.67734375 0.45546875 0.06953125 0.11328125
1 0.59765625 0.64375 0.04140625 0.1234375
1 0.44375 0.7625 0.04921875 0.103125