0 0.94609375 0.08203125 0.0984375 0.14609375
0 0.66171875 0.58046875 0.128125 0.096875
0 0.7625 0.7203125 0.10625 0.1234375
0 0.365625 0.3296875 0.09140625 0.153125
0 0.29296875 0.6578125 0.06171875 0.16484375
0 0.07421875 0.60546875 0.12265625 0.06953125
1 0.496875 0.28203125 0.1 0.0703125
1 0.52421875 0.4828125 0.06015625 0.13515625
1 0.42109375 0.3921875 0.0453125 0.1328125
1 0.34765625 0.5421875 0.04765625 0.15
1 0.39140625 0.675 0.04765625 0.14453125
0 0.578125 0.709375 0.10546875 0.121875
1 0.52734375 0.5921875 0.09453125 0.1
1 0.40703125 0.1203125 0.09765625 0.08203125
1 0.2796875 0.51796875 0.08359375 0.1109375
1 0.22734375 0.475 0.0859375 0.1109375
1 0.140625 0.48046875 0.1 0.07734375
1 0.14453125 0.371875 0.08984375 0.096875
1 0.09140625 0.39609375 0.08984375 0.09140625
1 0.04609375 0.46953125 0.09140625 0.065625
1 0.19453125 0.634375 0.1046875 0.109375