0 0.16171875 0.18046875 0.09375 0.14296875
0 0.271875 0.65625 0.0734375 0.16171875
0 0.9140625 0.57734375 0.09609375 0.1328125
1 0.52734375 0.41640625 0.09140625 0.0609375
1 0.24921875 0.2609375 0.05625 0.1453125
1 0.359375 0.56015625 0.1 0.096875
1 0.2 0.52890625 0.04375 0.12109375
1 0.08125 0.46015625 0.0671875 0.10703125
1 0.05 0.5765625 0.07421875 0.09765625
0 0.1515625 0.59296875 0.11640625 0.08203125
1 0.33671875 0.675 0.0578125 0.1296875
1 0.5 0.7109375 0.08984375 0.075
1 0.58671875 0.659375 0.06640625 0.11484375
1 0.51796875 0.6328125 0.07265625 0.1109375
1 0.59921875 0.53203125 0.05 0.1703125
1 0.63359375 0.690625 0.0640625 0.13515625
1 0.7453125 0.65390625 0.10546875 0.07890625
1 0.771875 0.5515625 0.05 0.140625
1 0.83828125 0.54765625 0.05078125 0.1578125
1 0.884375 0.4515625 0.05703125 0.13984375
1 0.95546875 0.48984375 0.0890625 0.0671875
1 0.440625 0.06796875 0.0421875 0.1359375
0 0.5375 0.059375 0.08125 0.11875
1 0.421875 0.72265625 0.05390625 0.11171875
1 0.11484375 0.69296875 0.0984375 0.08125