0 0.525 0.28671875 0.0546875 0.16015625
0 0.47265625 0.2328125 0.0484375 0.14453125
0 0.2640625 0.56953125 0.078125 0.15859375
0 0.309375 0.54296875 0.0890625 0.13203125
0 0.2640625 0.684375 0.10859375 0.10546875
0 0.47109375 0.634375 0.04921875 0.165625
0 0.5984375 0.678125 0.121875 0.1046875
0 0.1921875 0.26953125 0.06484375 0.16796875
0 0.046875 0.49453125 0.09375 0.1453125
1 0.190625 0.56640625 0.0875 0.0703125
1 0.72109375 0.62421875 0.0859375 0.11484375
1 0.69453125 0.51953125 0.11328125 0.07109375
1 0.86875 0.6140625 0.06875 0.1484375
1 0.95078125 0.58203125 0.09765625 0.06328125
1 0.90546875 0.72578125 0.1203125 0.071875
1 0.328125 0.23828125 0.06796875 0.1375
1 0.2875 0.378125 0.0671875 0.12109375
1 0.525 0.03984375 0.1 0.0796875
1 0.68125 0.11953125 0.04765625 0.153125
1 0.178125 0.028125 0.121875 0.05625
1 0.07578125 0.08203125 0.0546875 0.13359375
1 0.13828125 0.14296875 0.071875 0.09296875
1 0.06640625 0.3359375 0.04609375 0.13828125
1 0.4328125 0.71484375 0.0640625 0.12109375