0 0.26328125 0.42890625 0.0890625 0.15625
0 0.15390625 0.615625 0.140625 0.0859375
1 0.12109375 0.40859375 0.053125 0.15078125
1 0.2234375 0.2796875 0.06640625 0.1328125
1 0.28359375 0.17578125 0.06640625 0.1515625
1 0.2125 0.0515625 0.0984375 0.09609375
1 0.565625 0.421875 0.05234375 0.14453125
1 0.37421875 0.58671875 0.1015625 0.1
1 0.32734375 0.67578125 0.06484375 0.1515625
0 0.70390625 0.26796875 0.08984375 0.16953125
0 0.8328125 0.30078125 0.1171875 0.13671875
1 0.73671875 0.3546875 0.0890625 0.10546875
1 0.69921875 0.62421875 0.09921875 0.1171875
1 0.8328125 0.5515625 0.078125 0.11171875
1 0.78046875 0.67578125 0.08359375 0.125
1 0.890625 0.67421875 0.09921875 0.0875
0 0.8640625 0.7578125 0.12890625 0.1203125
0 0.78671875 0.41640625 0.0671875 0.14765625
1 0.3953125 0.6984375 0.078125 0.1203125
1 0.309375 0.85703125 0.08046875 0.11640625
1 0.2140625 0.8 0.0859375 0.1234375
0 0.19140625 0.70625 0.13359375 0.071875
0 0.62109375 0.725 0.0859375 0.0984375
1 0.76875 0.78828125 0.15546875 0.10234375
1 0.4859375 0.7171875 0.08125 0.10390625
1 0.19453125 0.959375 0.2015625 0.08125
1 0.48046875 0.790625 0.11484375 0.08203125