0 0.69921875 0.5453125 0.12890625 0.09375
0 0.76484375 0.375 0.1265625 0.1171875
1 0.134375 0.35703125 0.0875 0.1296875
1 0.0296875 0.159375 0.05234375 0.121875
1 0.4328125 0.2328125 0.07421875 0.1609375
1 0.553125 0.25078125 0.05 0.134375
1 0.53984375 0.44375 0.0640625 0.153125
1 0.45234375 0.5671875 0.04453125 0.14609375
1 0.3375 0.45 0.07109375 0.11640625
1 0.390625 0.40390625 0.0625 0.11171875
1 0.5859375 0.634375 0.0890625 0.0984375
1 0.87421875 0.52265625 0.05390625 0.1359375
1 0.853125 0.075 0.0875 0.11640625
1 0.921875 0.1 0.07890625 0.1390625
1 0.071875 0.65390625 0.0734375 0.10625
0 0.23671875 0.690625 0.12578125 0.096875
1 0.615625 0.43828125 0.071875 0.16953125