0 0.73046875 0.1078125 0.09453125 0.14765625
0 0.65078125 0.2984375 0.11640625 0.1171875
0 0.71796875 0.56171875 0.115625 0.13359375
0 0.5765625 0.46328125 0.07421875 0.16015625
0 0.8484375 0.72421875 0.05859375 0.1609375
1 0.94765625 0.14453125 0.05 0.14140625
1 0.87890625 0.053125 0.08515625 0.0765625
1 0.47578125 0.22890625 0.0453125 0.1453125
1 0.15078125 0.13046875 0.0828125 0.11484375
1 0.14375 0.30078125 0.06875 0.121875
1 0.109375 0.45546875 0.071875 0.11953125
1 0.17578125 0.61640625 0.09140625 0.1203125
1 0.109375 0.6078125 0.053125 0.13125
1 0.02890625 0.48671875 0.0578125 0.1234375
1 0.46171875 0.57890625 0.06953125 0.1234375
0 0.53046875 0.67421875 0.07265625 0.1484375
1 0.7515625 0.6203125 0.09296875 0.09375
1 0.93359375 0.5484375 0.06328125 0.15
1 0.6265625 0.55546875 0.08984375 0.096875
1 0.68515625 0.39375 0.075 0.1125
1 0.740625 0.42265625 0.075 0.1140625
1 0.5890625 0.70859375 0.08046875 0.09609375
1 0.396875 0.43046875 0.08359375 0.16953125
1 0.35546875 0.43984375 0.05546875 0.1171875
1 0.77890625 0.04609375 0.08203125 0.0921875
1 0.92578125 0.74921875 0.09140625 0.08125
1 0.05 0.6796875 0.1 0.075