0 0.56328125 0.334375 0.07578125 0.15234375
0 0.46015625 0.6328125 0.11953125 0.078125
0 0.5546875 0.5078125 0.109375 0.11484375
1 0.42265625 0.53828125 0.10625 0.06328125
1 0.39140625 0.44296875 0.04765625 0.13828125
1 0.31171875 0.396875 0.0703125 0.11953125
1 0.296875 0.259375 0.084375 0.10234375
1 0.178125 0.140625 0.08046875 0.1109375
1 0.09375 0.471875 0.11875 0.06953125
1 0.0734375 0.55859375 0.10859375 0.0875
0 0.06796875 0.6546875 0.1359375 0.0953125
0 0.2359375 0.69296875 0.121875 0.14453125
0 0.8140625 0.68671875 0.10703125 0.13984375
0 0.9109375 0.68203125 0.06328125 0.17421875
1 0.8984375 0.25390625 0.065625 0.13046875
1 0.91171875 0.14375 0.0671875 0.10703125
1 0.83515625 0.0609375 0.08046875 0.12109375
1 0.375 0.6203125 0.05390625 0.1234375
1 0.58203125 0.6125 0.07734375 0.1140625
1 0.8765625 0.49453125 0.08515625 0.09921875
1 0.94765625 0.4109375 0.07265625 0.0921875