0 0.425 0.35546875 0.08125 0.15625
0 0.134375 0.33828125 0.05859375 0.1765625
0 0.3671875 0.63359375 0.053125 0.1703125
0 0.41953125 0.22578125 0.11015625 0.10390625
0 0.73359375 0.484375 0.07890625 0.1640625
0 0.13359375 0.75625 0.13125 0.07421875
0 0.8890625 0.346875 0.13984375 0.096875
1 0.803125 0.53203125 0.06796875 0.12578125
1 0.66328125 0.490625 0.05078125 0.14296875
1 0.59765625 0.4765625 0.05 0.1359375
1 0.64453125 0.3546875 0.0453125 0.1375
1 0.759375 0.33046875 0.07109375 0.12734375
1 0.7375 0.12109375 0.08984375 0.0921875
1 0.33125 0.34140625 0.07109375 0.12421875
1 0.28125 0.62109375 0.05859375 0.1546875
1 0.20078125 0.6109375 0.08828125 0.11171875
1 0.13203125 0.05859375 0.0828125 0.1171875
1 0.9109375 0.2140625 0.10390625 0.078125
1 0.8203125 0.2359375 0.06015625 0.125
1 0.584375 0.634375 0.075 0.13125
1 0.90703125 0.6953125 0.06640625 0.1359375
1 0.853125 0.64921875 0.05 0.14296875
1 0.51171875 0.62109375 0.07265625 0.1078125
1 0.959375 0.521875 0.08125 0.06328125