0 0.07734375 0.65 0.06640625 0.1703125
0 0.09609375 0.4875 0.08203125 0.16171875
0 0.66328125 0.44453125 0.11953125 0.0859375
0 0.51796875 0.63984375 0.12890625 0.0875
1 0.5453125 0.2 0.1 0.06640625
1 0.2109375 0.36171875 0.06796875 0.13984375
1 0.29140625 0.52421875 0.09140625 0.09296875
1 0.19765625 0.5875 0.07578125 0.115625
1 0.42734375 0.540625 0.0890625 0.08515625
1 0.58046875 0.56015625 0.10390625 0.0765625
1 0.72421875 0.46796875 0.06640625 0.13203125
1 0.81015625 0.409375 0.09921875 0.09765625
1 0.8875 0.4875 0.04765625 0.1421875
1 0.8203125 0.56171875 0.10546875 0.0640625
1 0.74296875 0.65546875 0.0546875 0.13046875
1 0.690625 0.69375 0.075 0.10703125
1 0.5 0.7390625 0.07421875 0.08984375
1 0.4078125 0.66015625 0.0875 0.09296875
1 0.29140625 0.65390625 0.06640625 0.13828125
1 0.3171875 0.71796875 0.08515625 0.1109375
1 0.5921875 0.37421875 0.10234375 0.08515625
1 0.86015625 0.64921875 0.08828125 0.12421875
1 0.940625 0.67109375 0.0875 0.125
1 0.02578125 0.57109375 0.0515625 0.125
1 0.15390625 0.64375 0.0640625 0.12109375
1 0.5484375 0.32421875 0.10390625 0.05859375