0 0.253125 0.6453125 0.11484375 0.09375
0 0.3296875 0.62109375 0.11484375 0.0875
0 0.62734375 0.64609375 0.12265625 0.08828125
0 0.59375 0.56640625 0.10625 0.08671875
0 0.16953125 0.33515625 0.11328125 0.11953125
1 0.51015625 0.515625 0.1109375 0.06484375
1 0.325 0.33203125 0.0921875 0.1171875
1 0.259375 0.52265625 0.05 0.13515625
1 0.5125 0.39375 0.05625 0.13671875
1 0.54140625 0.29765625 0.07890625 0.11484375
1 0.684375 0.39296875 0.1125 0.13203125
1 0.671875 0.20703125 0.059375 0.18359375
1 0.6953125 0.54609375 0.09921875 0.08828125
1 0.79296875 0.659375 0.0421875 0.128125
1 0.86015625 0.65 0.09609375 0.0703125
1 0.928125 0.6421875 0.0578125 0.1328125
1 0.3625 0.48671875 0.0671875 0.09375
1 0.4046875 0.57265625 0.04765625 0.13515625
1 0.16484375 0.575 0.10390625 0.0671875
1 0.15234375 0.51328125 0.11015625 0.0546875
1 0.0859375 0.4765625 0.0875 0.0734375
1 0.10078125 0.62890625 0.04453125 0.115625
1 0.04296875 0.6890625 0.0421875 0.14296875
0 0.05390625 0.18515625 0.10703125 0.1109375
1 0.1484375 0.2296875 0.084375 0.09921875
0 0.31640625 0.73828125 0.109375 0.12109375
0 0.48203125 0.67890625 0.07265625 0.15625