0 0.546875 0.296875 0.071875 0.146875
0 0.41328125 0.7046875 0.059375 0.165625
0 0.26796875 0.26171875 0.09140625 0.1640625
0 0.59296875 0.403125 0.0796875 0.1453125
0 0.6265625 0.31796875 0.07890625 0.14375
0 0.78125 0.71328125 0.12578125 0.08671875
1 0.04921875 0.5890625 0.07578125 0.12734375
1 0.18359375 0.1828125 0.08515625 0.06484375
1 0.409375 0.33125 0.046875 0.128125
1 0.35859375 0.4359375 0.07265625 0.12890625
1 0.4890625 0.52734375 0.1 0.06640625
1 0.53359375 0.65546875 0.0515625 0.16328125
1 0.64765625 0.5453125 0.0984375 0.0765625
1 0.78671875 0.490625 0.06640625 0.11875
1 0.859375 0.58671875 0.10390625 0.0734375
1 0.9484375 0.465625 0.07421875 0.12265625
1 0.665625 0.64296875 0.08203125 0.11484375
1 0.6140625 0.6703125 0.05546875 0.1234375
1 0.575 0.6265625 0.05078125 0.134375
1 0.2546875 0.64375 0.0921875 0.08359375
1 0.53046875 0.16640625 0.0921875 0.08515625
1 0.715625 0.04609375 0.09140625 0.0921875
1 0.74140625 0.3046875 0.09296875 0.08671875
1 0.85625 0.6953125 0.04765625 0.103125
1 0.44921875 0.86875 0.13125 0.07734375
1 0.7359375 0.790625 0.1125 0.06484375
1 0.4875 0.31953125 0.05625 0.1484375