0 0.20546875 0.51640625 0.1296875 0.12421875
0 0.45625 0.578125 0.11171875 0.121875
0 0.625 0.0734375 0.06171875 0.14609375
0 0.25234375 0.653125 0.11328125 0.11796875
1 0.14609375 0.4171875 0.0859375 0.1296875
1 0.81484375 0.14609375 0.10390625 0.08828125
1 0.74921875 0.25859375 0.0578125 0.1296875
1 0.58828125 0.428125 0.04765625 0.14375
1 0.7203125 0.44609375 0.05234375 0.14140625
1 0.65078125 0.4640625 0.08359375 0.1015625
1 0.84375 0.34453125 0.09375 0.08203125
1 0.9515625 0.225 0.096875 0.07578125
1 0.5375 0.63359375 0.0796875 0.1375
0 0.30390625 0.72734375 0.07265625 0.09921875
1 0.88515625 0.5859375 0.1140625 0.0921875
1 0.89609375 0.51015625 0.11640625 0.0609375
1 0.8140625 0.459375 0.065625 0.15546875
1 0.8796875 0.71484375 0.05078125 0.15390625
1 0.92734375 0.659375 0.05703125 0.12578125
1 0.38515625 0.63984375 0.0609375 0.1375
1 0.18203125 0.64453125 0.09140625 0.125
1 0.08515625 0.68984375 0.0484375 0.15