0 0.21015625 0.28984375 0.07578125 0.1578125
0 0.275 0.16875 0.08671875 0.153125
0 0.50546875 0.321875 0.0828125 0.146875
0 0.8734375 0.55078125 0.07734375 0.17578125
0 0.39375 0.61796875 0.0671875 0.171875
0 0.475 0.6921875 0.06171875 0.15390625
1 0.2015625 0.5390625 0.11171875 0.08515625
1 0.22109375 0.44765625 0.1015625 0.1015625
1 0.1453125 0.40546875 0.046875 0.146875
1 0.05546875 0.2109375 0.04609375 0.11796875
1 0.02578125 0.265625 0.0515625 0.140625
1 0.31796875 0.31015625 0.05625 0.16015625
1 0.43125 0.21875 0.08359375 0.09296875
1 0.5265625 0.19453125 0.0984375 0.09140625
1 0.59609375 0.02421875 0.10859375 0.0484375
1 0.8546875 0.0671875 0.07265625 0.13359375
1 0.95546875 0.559375 0.06484375 0.14453125
1 0.9828125 0.3453125 0.034375 0.14375
1 0.2328125 0.7171875 0.04609375 0.13671875
1 0.28984375 0.72421875 0.04765625 0.11875
0 0.33515625 0.54609375 0.08203125 0.12890625
1 0.44296875 0.584375 0.0421875 0.1421875
0 0.61640625 0.62421875 0.06328125 0.14296875
1 0.21484375 0.60234375 0.11171875 0.07109375
1 0.54296875 0.6890625 0.06640625 0.13125