1 0.771875 0.38828125 0.078125 0.14296875
1 0.640625 0.42265625 0.08984375 0.11484375
1 0.58046875 0.503125 0.0828125 0.103125
1 0.67578125 0.71015625 0.10390625 0.11328125
1 0.91796875 0.509375 0.05625 0.16796875
1 0.3734375 0.4578125 0.0984375 0.0921875
1 0.1515625 0.59296875 0.059375 0.12109375
1 0.36875 0.65859375 0.05234375 0.125
1 0.3671875 0.58046875 0.10390625 0.06015625
0 0.25546875 0.6921875 0.11796875 0.11875
1 0.03515625 0.6671875 0.06953125 0.14453125
1 0.80234375 0.70859375 0.0703125 0.14140625
1 0.7765625 0.64921875 0.11015625 0.1
1 0.9515625 0.64375 0.09296875 0.13515625
0 0.30234375 0.51328125 0.13671875 0.07734375
1 0.2984375 0.6234375 0.06796875 0.10390625
1 0.46640625 0.7328125 0.071875 0.10546875
1 0.384375 0.12890625 0.06015625 0.13828125
1 0.315625 0.8875 0.15546875 0.1203125
0 0.4328125 0.7671875 0.09296875 0.11484375
1 0.18046875 0.7921875 0.12578125 0.07890625
1 0.3484375 0.77890625 0.07734375 0.07890625
1 0.87890625 0.71171875 0.06953125 0.11015625
1 0.2453125 0.60234375 0.0765625 0.0921875