1 0.04921875 0.371875 0.06875 0.13046875
1 0.1765625 0.415625 0.09296875 0.13515625
1 0.18828125 0.3171875 0.09765625 0.1
1 0.23984375 0.15234375 0.05703125 0.1546875
1 0.60859375 0.27421875 0.06953125 0.209375
1 0.7171875 0.44296875 0.09375 0.1015625
1 0.696875 0.54375 0.075 0.11015625
1 0.634375 0.64296875 0.059375 0.13125
1 0.696875 0.74453125 0.05 0.1421875
1 0.76171875 0.76875 0.0953125 0.0734375
1 0.93515625 0.68828125 0.06328125 0.146875
1 0.5046875 0.6046875 0.1078125 0.0671875
1 0.1671875 0.63515625 0.09453125 0.07734375
0 0.30078125 0.30078125 0.06171875 0.1609375
1 0.5546875 0.6921875 0.06953125 0.13359375
1 0.44765625 0.7515625 0.05390625 0.090625
1 0.90390625 0.76015625 0.08828125 0.08671875
1 0.33671875 0.771875 0.0953125 0.06015625
1 0.17421875 0.76796875 0.10625 0.1015625