0 0.42578125 0.60078125 0.09765625 0.13828125
0 0.4921875 0.7703125 0.12421875 0.09375
0 0.9390625 0.6078125 0.109375 0.11875
0 0.5671875 0.421875 0.05234375 0.16015625
1 0.8609375 0.36484375 0.10859375 0.0875
1 0.771875 0.27421875 0.05 0.13125
1 0.73125 0.3765625 0.10234375 0.06015625
1 0.68671875 0.42578125 0.07578125 0.1078125
1 0.74609375 0.5234375 0.06953125 0.1125
1 0.64296875 0.490625 0.04453125 0.13515625
1 0.61953125 0.6078125 0.08359375 0.12265625
1 0.48515625 0.42578125 0.10390625 0.09453125
1 0.403125 0.09921875 0.059375 0.13125
1 0.25546875 0.22421875 0.0546875 0.13515625
1 0.30859375 0.33203125 0.0703125 0.12421875
1 0.1890625 0.38671875 0.08984375 0.09765625
1 0.12578125 0.45078125 0.115625 0.06484375
1 0.1125 0.35234375 0.0890625 0.125
1 0.04453125 0.43046875 0.06015625 0.13671875
1 0.10078125 0.609375 0.0546875 0.128125
1 0.29453125 0.59765625 0.07265625 0.13203125
1 0.15078125 0.71796875 0.05390625 0.13828125
1 0.94296875 0.7171875 0.05234375 0.1171875
1 0.5015625 0.575 0.07734375 0.10703125
1 0.1140625 0.81484375 0.11875 0.071875