0 0.478125 0.421875 0.084375 0.1390625
0 0.6546875 0.69296875 0.096875 0.14453125
0 0.8296875 0.1796875 0.07421875 0.1578125
0 0.8453125 0.74140625 0.109375 0.121875
1 0.76953125 0.5546875 0.10078125 0.07890625
1 0.67421875 0.0671875 0.078125 0.121875
1 0.334375 0.1859375 0.103125 0.10078125
1 0.50625 0.3109375 0.0671875 0.12109375
1 0.428125 0.35234375 0.0421875 0.125
1 0.565625 0.46640625 0.0609375 0.12265625
1 0.6046875 0.56640625 0.07421875 0.10703125
1 0.475 0.5796875 0.08359375 0.09140625
1 0.353125 0.51875 0.1 0.1625
1 0.221875 0.58125 0.05390625 0.12421875
1 0.22734375 0.71015625 0.06171875 0.12265625
1 0.09375 0.571875 0.1140625 0.07265625
1 0.06796875 0.49765625 0.09453125 0.08203125
1 0.12890625 0.36171875 0.0984375 0.0765625
1 0.24296875 0.3765625 0.05234375 0.14375
1 0.24296875 0.03671875 0.08203125 0.0734375
1 0.77578125 0.34140625 0.05078125 0.159375
1 0.7875 0.64609375 0.07109375 0.0953125
1 0.72109375 0.6546875 0.040625 0.134375
1 0.91796875 0.65703125 0.0921875 0.0703125
1 0.53046875 0.703125 0.08203125 0.09375
1 0.48203125 0.6765625 0.04765625 0.1234375
0 0.41875 0.6390625 0.09375 0.13203125
1 0.7078125 0.778125 0.12421875 0.06640625
1 0.5953125 0.83984375 0.11171875 0.06953125
1 0.575 0.7734375 0.04609375 0.1171875