0 0.6109375 0.37265625 0.10703125 0.121875
0 0.17578125 0.3484375 0.09453125 0.13359375
0 0.7453125 0.51953125 0.1125 0.14765625
0 0.515625 0.14375 0.0609375 0.16953125
1 0.284375 0.3609375 0.1109375 0.0625
1 0.06875 0.57265625 0.07421875 0.115625
1 0.46796875 0.48359375 0.05390625 0.13671875
1 0.490625 0.60390625 0.09765625 0.0953125
1 0.521875 0.4609375 0.0609375 0.1421875
1 0.59609375 0.46328125 0.08359375 0.1125
1 0.6578125 0.54921875 0.09921875 0.06484375
1 0.70625 0.6125 0.103125 0.07109375
1 0.85546875 0.66484375 0.0796875 0.1171875
1 0.871875 0.578125 0.0625 0.1265625
1 0.9046875 0.546875 0.06484375 0.14296875
1 0.6703125 0.31484375 0.09296875 0.08359375
1 0.8890625 0.16953125 0.10859375 0.08203125
1 0.9703125 0.25 0.05390625 0.1296875
1 0.96796875 0.38671875 0.0640625 0.1359375
1 0.45625 0.03671875 0.09375 0.0734375
1 0.34296875 0.66171875 0.05625 0.13984375
1 0.2125 0.6125 0.0671875 0.125
1 0.14921875 0.60078125 0.07265625 0.10546875
1 0.60078125 0.68359375 0.08515625 0.09609375
1 0.68515625 0.696875 0.0734375 0.11953125
1 0.7890625 0.37421875 0.1375 0.12578125