0 0.575 0.35546875 0.08125 0.15625
0 0.865625 0.33828125 0.05859375 0.1765625
0 0.6328125 0.63359375 0.053125 0.1703125
0 0.58046875 0.22578125 0.11015625 0.10390625
0 0.26640625 0.484375 0.07890625 0.1640625
0 0.86640625 0.75625 0.13125 0.07421875
0 0.1109375 0.346875 0.13984375 0.096875
1 0.196875 0.53203125 0.06796875 0.12578125
1 0.33671875 0.490625 0.05078125 0.14296875
1 0.40234375 0.4765625 0.05 0.1359375
1 0.35546875 0.3546875 0.0453125 0.1375
1 0.240625 0.33046875 0.07109375 0.12734375
1 0.2625 0.12109375 0.08984375 0.0921875
1 0.66875 0.34140625 0.07109375 0.12421875
1 0.71875 0.62109375 0.05859375 0.1546875
1 0.79921875 0.6109375 0.08828125 0.11171875
1 0.86796875 0.05859375 0.0828125 0.1171875
1 0.0890625 0.2140625 0.10390625 0.078125
1 0.1796875 0.2359375 0.06015625 0.125
1 0.415625 0.634375 0.075 0.13125
1 0.09296875 0.6953125 0.06640625 0.1359375
1 0.146875 0.64921875 0.05 0.14296875
1 0.48828125 0.62109375 0.07265625 0.1078125
1 0.040625 0.521875 0.08125 0.06328125