0 0.353125 0.5625 0.09296875 0.1546875
0 0.51171875 0.56953125 0.12578125 0.11796875
0 0.415625 0.73046875 0.125 0.08671875
0 0.8125 0.72890625 0.11875 0.134375
1 0.8109375 0.6 0.11953125 0.09375
1 0.42421875 0.378125 0.0828125 0.0953125
1 0.50703125 0.334375 0.05703125 0.13515625
1 0.6046875 0.48203125 0.04453125 0.1390625
1 0.7171875 0.22109375 0.084375 0.11171875
1 0.89921875 0.240625 0.090625 0.15546875
1 0.84453125 0.525 0.08828125 0.10390625
1 0.91015625 0.5609375 0.0609375 0.1375
1 0.90078125 0.70390625 0.0578125 0.146875
1 0.5046875 0.69453125 0.09375 0.08203125
1 0.2859375 0.475 0.046875 0.13671875
1 0.2328125 0.496875 0.07109375 0.096875
1 0.08828125 0.58046875 0.06171875 0.1359375
1 0.05078125 0.465625 0.07421875 0.1296875
1 0.04921875 0.0765625 0.05859375 0.12265625
1 0.4796875 0.0609375 0.06015625 0.12109375
1 0.41328125 0.0421875 0.0796875 0.084375
1 0.36484375 0.32109375 0.0765625 0.10859375
1 0.153125 0.565625 0.05 0.12734375
1 0.20703125 0.5671875 0.06796875 0.12421875
1 0.28203125 0.625 0.05546875 0.14296875
1 0.975 0.4890625 0.05 0.12265625
0 0.9578125 0.6390625 0.084375 0.14140625