0 0.43046875 0.6484375 0.06015625 0.16328125
1 0.22421875 0.1984375 0.07890625 0.15
1 0.31875 0.1984375 0.09375 0.10390625
1 0.30234375 0.2640625 0.08984375 0.11796875
1 0.04765625 0.1359375 0.06328125 0.125
1 0.23671875 0.353125 0.08125 0.1140625
1 0.225 0.47890625 0.05234375 0.12109375
1 0.3328125 0.5875 0.0515625 0.14140625
1 0.4296875 0.5109375 0.059375 0.12890625
1 0.496875 0.55859375 0.0765625 0.1
1 0.49453125 0.66484375 0.06484375 0.11640625
1 0.709375 0.159375 0.11015625 0.08125
1 0.809375 0.6203125 0.07265625 0.14921875
1 0.72578125 0.684375 0.08203125 0.11796875
1 0.5859375 0.70390625 0.09296875 0.10625
1 0.16953125 0.63984375 0.10078125 0.06640625
1 0.08046875 0.6640625 0.09140625 0.084375
1 0.04453125 0.79609375 0.084375 0.07109375
1 0.3421875 0.715625 0.06171875 0.11875
1 0.92109375 0.6078125 0.096875 0.078125
1 0.16484375 0.73359375 0.07265625 0.08984375