0 0.77890625 0.58125 0.13359375 0.09453125
0 0.45 0.253125 0.06015625 0.17109375
0 0.1875 0.21953125 0.0671875 0.15859375
0 0.196875 0.440625 0.08359375 0.14609375
0 0.33359375 0.54140625 0.11640625 0.10703125
0 0.30234375 0.65078125 0.06484375 0.16171875
1 0.23671875 0.38203125 0.09609375 0.06640625
1 0.340625 0.46875 0.06953125 0.0875
1 0.5125 0.36796875 0.103125 0.065625
1 0.63203125 0.4609375 0.04921875 0.14140625
1 0.4859375 0.465625 0.08046875 0.09609375
1 0.55390625 0.471875 0.06171875 0.12734375
1 0.81640625 0.40234375 0.1109375 0.0625
1 0.7734375 0.478125 0.071875 0.11015625
1 0.8375 0.62578125 0.09140625 0.0796875
0 0.79296875 0.73125 0.1171875 0.11796875
1 0.4546875 0.6828125 0.04765625 0.1390625
1 0.4109375 0.63515625 0.03671875 0.1234375
1 0.4875 0.56640625 0.05625 0.13125
1 0.54453125 0.578125 0.06171875 0.13203125
1 0.5921875 0.61171875 0.05234375 0.13984375
1 0.51953125 0.66953125 0.10078125 0.08203125
1 0.05 0.35234375 0.1 0.0625
1 0.04453125 0.46875 0.0546875 0.12109375
1 0.08515625 0.11484375 0.08359375 0.0796875
1 0.2546875 0.26875 0.090625 0.07890625
1 0.32265625 0.31640625 0.05546875 0.146875
1 0.36328125 0.2609375 0.06796875 0.115625
1 0.21171875 0.62890625 0.10859375 0.07109375
1 0.378125 0.8125 0.1125 0.05859375
1 0.90859375 0.765625 0.11796875 0.053125
0 0.0921875 0.7515625 0.1 0.16875
0 0.28828125 0.75546875 0.06953125 0.1359375
1 0.359375 0.653125 0.06796875 0.090625