0 0.56875 0.375 0.06484375 0.19453125
0 0.8125 0.6859375 0.12109375 0.1078125
0 0.34609375 0.7515625 0.07265625 0.15703125
1 0.396875 0.3859375 0.06796875 0.125
1 0.29453125 0.3890625 0.09765625 0.05625
1 0.18203125 0.5671875 0.0796875 0.12578125
1 0.0640625 0.696875 0.04921875 0.16328125
1 0.14609375 0.675 0.08984375 0.09296875
1 0.34375 0.646875 0.09375 0.08046875
1 0.45859375 0.54140625 0.07265625 0.1203125
1 0.4953125 0.46328125 0.04921875 0.1375
1 0.35859375 0.47421875 0.0515625 0.13515625
1 0.209375 0.41328125 0.09296875 0.13046875
1 0.80078125 0.2078125 0.09765625 0.09765625
1 0.80078125 0.09609375 0.10703125 0.078125
1 0.8984375 0.33125 0.08125 0.13828125
1 0.79140625 0.6015625 0.07578125 0.11640625
1 0.95078125 0.72578125 0.06953125 0.1125
1 0.51328125 0.61953125 0.0921875 0.06796875
1 0.596875 0.6234375 0.0625 0.1328125
1 0.64765625 0.675 0.0515625 0.13359375
1 0.43828125 0.70703125 0.04453125 0.11328125