0 0.415625 0.65625 0.0890625 0.15546875
0 0.48671875 0.61015625 0.09140625 0.140625
0 0.64375 0.60078125 0.1203125 0.07421875
0 0.1234375 0.6796875 0.13046875 0.07109375
0 0.19921875 0.48203125 0.08515625 0.15
0 0.23046875 0.35625 0.07890625 0.1578125
1 0.3140625 0.7046875 0.08046875 0.09140625
1 0.3453125 0.64296875 0.06640625 0.11796875
1 0.2796875 0.46953125 0.11484375 0.065625
1 0.41171875 0.4984375 0.05546875 0.13046875
1 0.48828125 0.4515625 0.09453125 0.08984375
1 0.53125 0.54453125 0.0953125 0.075
1 0.61953125 0.4140625 0.1046875 0.07265625
1 0.784375 0.45546875 0.0875 0.11015625
1 0.8890625 0.5171875 0.09140625 0.0875
1 0.83359375 0.6125 0.10078125 0.0953125
1 0.684375 0.684375 0.08515625 0.08125
1 0.8 0.73046875 0.08125 0.10234375
0 0.06328125 0.56953125 0.078125 0.125
1 0.08671875 0.3109375 0.05390625 0.14140625
1 0.2078125 0.0359375 0.07578125 0.07109375
1 0.41015625 0.1 0.06640625 0.11328125
1 0.17734375 0.7859375 0.09453125 0.1046875
1 0.0265625 0.73671875 0.053125 0.10234375
1 0.49609375 0.71796875 0.09609375 0.0890625