0 0.1296875 0.346875 0.08984375 0.146875
0 0.3953125 0.3890625 0.0765625 0.1484375
0 0.4796875 0.66796875 0.128125 0.08515625
0 0.1 0.1703125 0.0796875 0.16953125
1 0.41953125 0.3015625 0.0578125 0.1234375
1 0.509375 0.440625 0.0609375 0.13515625
1 0.4828125 0.54296875 0.05859375 0.13828125
1 0.40234375 0.6078125 0.05234375 0.13515625
1 0.78359375 0.40078125 0.1109375 0.07578125
1 0.825 0.30234375 0.05859375 0.1421875
1 0.88046875 0.46640625 0.07734375 0.1296875
1 0.7703125 0.49453125 0.05859375 0.12890625
1 0.81484375 0.54296875 0.08984375 0.1015625
0 0.84140625 0.640625 0.1140625 0.09453125
1 0.053125 0.56015625 0.0875 0.06328125
1 0.1296875 0.66484375 0.09921875 0.078125
1 0.23125 0.7078125 0.08984375 0.08515625
1 0.33515625 0.71875 0.071875 0.1171875
1 0.46875 0.02890625 0.10625 0.0546875
0 0.134375 0.75546875 0.1234375 0.08046875