0 0.159375 0.6734375 0.125 0.11640625
0 0.76171875 0.546875 0.10234375 0.12734375
0 0.6234375 0.56484375 0.10859375 0.10546875
1 0.6734375 0.678125 0.0515625 0.128125
1 0.5125 0.65 0.09375 0.08671875
1 0.465625 0.58046875 0.04453125 0.1390625
1 0.3140625 0.52578125 0.084375 0.13828125
1 0.10703125 0.4328125 0.065625 0.1484375
1 0.1296875 0.55703125 0.10859375 0.08359375
1 0.509375 0.2234375 0.071875 0.109375
1 0.70625 0.2109375 0.05859375 0.13203125
1 0.96796875 0.1625 0.06171875 0.1140625
1 0.35 0.7546875 0.0390625 0.125
0 0.259375 0.7296875 0.07734375 0.1625