0 0.2890625 0.60078125 0.0640625 0.159375
0 0.33359375 0.57890625 0.05859375 0.1546875
0 0.134375 0.5921875 0.10546875 0.1296875
0 0.0828125 0.6515625 0.08671875 0.14765625
0 0.29296875 0.26796875 0.0828125 0.171875
0 0.6328125 0.56796875 0.07265625 0.15546875
0 0.52734375 0.728125 0.08515625 0.12734375
0 0.5734375 0.465625 0.059375 0.14609375
1 0.103125 0.3359375 0.1125 0.075
1 0.04921875 0.0765625 0.05625 0.12265625
1 0.5890625 0.065625 0.059375 0.13125
1 0.8671875 0.10390625 0.109375 0.08828125
1 0.96875 0.17265625 0.0625 0.178125
1 0.84609375 0.41796875 0.06015625 0.14765625
1 0.72109375 0.509375 0.06015625 0.12421875
1 0.69296875 0.62421875 0.0421875 0.1484375
1 0.76875 0.59140625 0.07421875 0.12265625
1 0.80546875 0.66484375 0.0703125 0.12578125
1 0.8796875 0.66484375 0.046875 0.15
1 0.62109375 0.32890625 0.06015625 0.1453125
1 0.40625 0.384375 0.05859375 0.1421875
1 0.35 0.46328125 0.1046875 0.06640625
1 0.503125 0.3578125 0.08046875 0.0984375
1 0.059375 0.48671875 0.0625 0.1234375
1 0.1375 0.478125 0.0578125 0.12109375
1 0.32890625 0.74609375 0.05078125 0.1375
1 0.3953125 0.628125 0.0625 0.134375
1 0.503125 0.6078125 0.0609375 0.13125
1 0.534375 0.5515625 0.0625 0.1234375
1 0.63203125 0.709375 0.05703125 0.109375
1 0.9625 0.53359375 0.075 0.06328125