0 0.503125 0.28203125 0.1125 0.1234375
0 0.66796875 0.65703125 0.0578125 0.1703125
0 0.7953125 0.65546875 0.09375 0.14765625
0 0.9140625 0.49296875 0.1125 0.12265625
0 0.31875 0.665625 0.13125 0.0796875
0 0.2640625 0.0765625 0.08828125 0.15234375
0 0.06015625 0.065625 0.1015625 0.13125
1 0.22890625 0.3359375 0.109375 0.06171875
1 0.065625 0.328125 0.09296875 0.0734375
1 0.1421875 0.22578125 0.040625 0.128125
1 0.7015625 0.20234375 0.0625 0.12109375
1 0.7484375 0.45 0.10625 0.08671875
1 0.5328125 0.55703125 0.08046875 0.10390625
1 0.51875 0.6765625 0.071875 0.109375
1 0.57265625 0.609375 0.06171875 0.121875
1 0.31171875 0.5421875 0.06640625 0.12578125
1 0.24765625 0.59296875 0.05703125 0.1109375
1 0.16796875 0.5609375 0.1109375 0.0625
1 0.15234375 0.47109375 0.0515625 0.13203125
1 0.2015625 0.70234375 0.09765625 0.08359375
1 0.9671875 0.18828125 0.065625 0.11015625
1 0.953125 0.40859375 0.09375 0.05703125
1 0.9765625 0.32109375 0.046875 0.12578125