0 0.1890625 0.66015625 0.0765625 0.14375
0 0.26953125 0.64609375 0.05703125 0.1546875
0 0.334375 0.64140625 0.075 0.14609375
0 0.3484375 0.54375 0.0953125 0.13671875
0 0.43203125 0.628125 0.08046875 0.14921875
0 0.4640625 0.3234375 0.09140625 0.15
0 0.4375 0.17421875 0.10625 0.13515625
0 0.04765625 0.265625 0.0609375 0.171875
1 0.58046875 0.38359375 0.0546875 0.1328125
1 0.75390625 0.43515625 0.05078125 0.14375
1 0.85703125 0.49453125 0.09453125 0.0859375
1 0.5453125 0.153125 0.08203125 0.11171875
1 0.40703125 0.49453125 0.07578125 0.10859375
1 0.46875 0.50234375 0.06875 0.13359375
1 0.51171875 0.44296875 0.07578125 0.1140625
1 0.546875 0.55 0.078125 0.11328125
1 0.559375 0.67578125 0.05703125 0.13203125
1 0.68984375 0.61953125 0.09765625 0.0859375
1 0.78515625 0.62734375 0.09921875 0.075
1 0.71015625 0.69375 0.11328125 0.07109375
1 0.89921875 0.6078125 0.06328125 0.13515625
1 0.1796875 0.0578125 0.0546875 0.11484375
1 0.228125 0.49375 0.0625 0.13671875
1 0.2890625 0.484375 0.071875 0.10859375
1 0.4984375 0.684375 0.04765625 0.13515625
0 0.159375 0.42734375 0.1 0.125
1 0.40390625 0.32890625 0.05078125 0.115625
1 0.8375 0.69765625 0.0984375 0.0921875
1 0.9828125 0.5703125 0.034375 0.1265625