0 0.1125 0.0859375 0.09921875 0.13828125
0 0.27734375 0.0875 0.08515625 0.16171875
0 0.2203125 0.234375 0.05859375 0.1640625
0 0.2125 0.628125 0.11875 0.10234375
0 0.91015625 0.4828125 0.07578125 0.16875
1 0.7515625 0.33515625 0.09296875 0.11328125
1 0.57421875 0.14453125 0.06640625 0.15078125
1 0.40234375 0.071875 0.09765625 0.103125
1 0.4921875 0.346875 0.071875 0.1265625
1 0.45625 0.49921875 0.053125 0.140625
1 0.3578125 0.584375 0.05078125 0.128125
1 0.63671875 0.440625 0.07734375 0.10234375
1 0.61796875 0.52109375 0.04609375 0.12890625
1 0.55 0.47578125 0.08984375 0.0875
1 0.7796875 0.553125 0.109375 0.0765625
1 0.840625 0.65078125 0.1046875 0.065625
0 0.934375 0.74453125 0.12890625 0.1078125
1 0.10703125 0.2234375 0.078125 0.1171875
1 0.05703125 0.60390625 0.06953125 0.12890625
1 0.9625 0.59375 0.06171875 0.1375
1 0.6203125 0.73828125 0.075 0.16328125