0 0.11328125 0.65625 0.1171875 0.07421875
0 0.05546875 0.74296875 0.1109375 0.08828125
0 0.12421875 0.153125 0.06875 0.16796875
0 0.37734375 0.3234375 0.07890625 0.1671875
0 0.5796875 0.38359375 0.12734375 0.1
0 0.33359375 0.7171875 0.1125 0.13359375
1 0.0890625 0.465625 0.05546875 0.1296875
1 0.15 0.4515625 0.05234375 0.1234375
1 0.2515625 0.48359375 0.09453125 0.07578125
1 0.12265625 0.5765625 0.10078125 0.0671875
1 0.32734375 0.5265625 0.05703125 0.1265625
1 0.428125 0.6609375 0.05859375 0.1328125
1 0.19609375 0.8046875 0.0640625 0.125
1 0.490625 0.696875 0.04296875 0.12265625
1 0.61953125 0.69921875 0.07578125 0.11484375
1 0.6921875 0.68203125 0.065625 0.12578125
1 0.52578125 0.5421875 0.10546875 0.05859375
1 0.753125 0.4328125 0.0625 0.13515625
1 0.8640625 0.3 0.09609375 0.103125
1 0.265625 0.228125 0.0875 0.08046875
1 0.26875 0.08203125 0.0796875 0.1
1 0.534375 0.69453125 0.05 0.134375
1 0.91796875 0.71640625 0.04765625 0.140625
1 0.975 0.553125 0.05 0.134375
1 0.94453125 0.41171875 0.05703125 0.11796875
1 0.59296875 0.28515625 0.07890625 0.1234375
1 0.19296875 0.58828125 0.04609375 0.1265625
1 0.0390625 0.521875 0.078125 0.08671875