0 0.38671875 0.39453125 0.07578125 0.1453125
0 0.3125 0.46328125 0.06875 0.16328125
0 0.4703125 0.08671875 0.05 0.16015625
0 0.54765625 0.309375 0.06328125 0.15859375
0 0.64921875 0.60859375 0.0546875 0.15390625
0 0.68984375 0.74453125 0.12109375 0.115625
1 0.36796875 0.55546875 0.04765625 0.1390625
1 0.428125 0.5140625 0.05 0.12265625
1 0.44296875 0.65234375 0.06015625 0.125
1 0.4609375 0.40078125 0.0453125 0.13515625
1 0.5046875 0.39765625 0.05625 0.1140625
1 0.43984375 0.27734375 0.09453125 0.0953125
1 0.45546875 0.20703125 0.08984375 0.06328125
1 0.28671875 0.16015625 0.0546875 0.1734375
1 0.640625 0.0796875 0.059375 0.13359375
1 0.76484375 0.12578125 0.08515625 0.10859375
1 0.59921875 0.2421875 0.10078125 0.0828125
1 0.61640625 0.4671875 0.08828125 0.09609375
1 0.71953125 0.596875 0.04765625 0.14296875
1 0.78046875 0.4921875 0.06015625 0.1296875
1 0.83359375 0.51328125 0.04609375 0.146875
1 0.896875 0.68671875 0.10546875 0.05625
1 0.2234375 0.79453125 0.11015625 0.0578125