0 0.68984375 0.6859375 0.12265625 0.14921875
1 0.38203125 0.46796875 0.08828125 0.13125
1 0.46953125 0.46875 0.08515625 0.10703125
1 0.121875 0.40078125 0.0984375 0.1078125
1 0.121875 0.203125 0.06796875 0.1265625
1 0.42734375 0.24375 0.10859375 0.0734375
1 0.80625 0.08125 0.090625 0.12421875
1 0.9234375 0.29296875 0.0796875 0.13984375
1 0.796875 0.64453125 0.05234375 0.15078125
1 0.89375 0.74375 0.09375 0.10703125
1 0.5296875 0.68359375 0.07421875 0.1296875
1 0.153125 0.6890625 0.0609375 0.13984375