0 0.478125 0.08359375 0.11796875 0.11640625
0 0.1765625 0.07734375 0.05859375 0.1546875
0 0.21796875 0.34375 0.11015625 0.14921875
0 0.1203125 0.64609375 0.09296875 0.16171875
0 0.86015625 0.68984375 0.1140625 0.121875
0 0.70546875 0.70859375 0.09921875 0.11328125
1 0.1921875 0.5515625 0.0578125 0.14375
1 0.0625 0.23125 0.06875 0.109375
1 0.43515625 0.34296875 0.0484375 0.13515625
1 0.53828125 0.38125 0.09453125 0.07421875
1 0.45546875 0.58984375 0.05390625 0.1375
1 0.53125 0.509375 0.0921875 0.08125
1 0.61015625 0.603125 0.08046875 0.10234375
1 0.5625 0.66953125 0.06484375 0.125
1 0.77109375 0.52265625 0.09140625 0.08828125
1 0.93828125 0.43984375 0.0625 0.128125
1 0.7109375 0.334375 0.10546875 0.08125
1 0.6640625 0.11328125 0.04921875 0.1203125
1 0.64296875 0.0296875 0.08828125 0.05859375
1 0.0640625 0.53515625 0.09609375 0.06640625
1 0.0265625 0.65078125 0.053125 0.12578125
1 0.0828125 0.69921875 0.05625 0.11875
1 0.40859375 0.7125 0.09453125 0.0859375
1 0.60078125 0.72890625 0.0890625 0.09375
1 0.88046875 0.57265625 0.1078125 0.07578125
1 0.87109375 0.6328125 0.08984375 0.0890625
1 0.2765625 0.790625 0.10546875 0.0578125