0 0.69140625 0.1890625 0.07265625 0.16484375
0 0.81796875 0.3515625 0.09765625 0.13984375
0 0.93515625 0.2203125 0.09765625 0.1359375
0 0.07890625 0.46640625 0.1234375 0.140625
0 0.06640625 0.6078125 0.1328125 0.0984375
0 0.43984375 0.6859375 0.1015625 0.1375
1 0.825 0.66015625 0.09375 0.10703125
1 0.6359375 0.53671875 0.08046875 0.0640625
1 0.571875 0.5703125 0.04765625 0.14765625
1 0.54609375 0.328125 0.0484375 0.1609375
1 0.4 0.38984375 0.04921875 0.13828125
1 0.29609375 0.2703125 0.0484375 0.13984375
1 0.34765625 0.55859375 0.0609375 0.13671875
1 0.271875 0.65390625 0.071875 0.13828125
1 0.3609375 0.6703125 0.090625 0.08984375
1 0.50625 0.52578125 0.0453125 0.1203125
1 0.28359375 0.5125 0.08515625 0.0953125
0 0.53125 0.72265625 0.06875 0.1484375