0 0.1625 0.46796875 0.0671875 0.1640625
0 0.5 0.63046875 0.10859375 0.096875
0 0.63984375 0.68203125 0.1109375 0.11640625
0 0.0453125 0.634375 0.090625 0.078125
1 0.4359375 0.2984375 0.08671875 0.1125
1 0.5453125 0.29453125 0.09609375 0.07890625
1 0.54765625 0.20390625 0.0734375 0.10234375
1 0.665625 0.403125 0.075 0.12109375
1 0.74140625 0.58359375 0.0453125 0.1328125
1 0.7875 0.67734375 0.053125 0.13359375
1 0.871875 0.17265625 0.10546875 0.07421875
1 0.9515625 0.26953125 0.05859375 0.13203125
1 0.95234375 0.490625 0.0953125 0.06875
1 0.11328125 0.51328125 0.08515625 0.13046875
1 0.04453125 0.49140625 0.0453125 0.12578125
1 0.2515625 0.415625 0.096875 0.08515625
1 0.29140625 0.6375 0.06328125 0.12109375
1 0.40546875 0.60390625 0.0703125 0.103125
1 0.103125 0.05546875 0.10390625 0.07734375