0 0.784375 0.090625 0.0734375 0.159375
0 0.43828125 0.178125 0.09140625 0.15078125
0 0.9 0.28359375 0.07421875 0.15703125
0 0.8109375 0.365625 0.0984375 0.13125
0 0.7234375 0.3515625 0.0765625 0.159375
0 0.40625 0.7359375 0.06640625 0.1578125
0 0.7046875 0.253125 0.07109375 0.18203125
1 0.5640625 0.18046875 0.059375 0.140625
1 0.35234375 0.13203125 0.08828125 0.09609375
1 0.2921875 0.04921875 0.0875 0.08515625
1 0.30625 0.4765625 0.05625 0.14765625
1 0.25390625 0.5421875 0.0640625 0.13359375
1 0.19453125 0.63203125 0.0546875 0.14453125
1 0.13515625 0.56640625 0.06484375 0.14296875
1 0.56640625 0.5 0.05859375 0.1296875
1 0.47578125 0.51953125 0.05859375 0.1359375
1 0.44921875 0.3484375 0.05234375 0.14296875
1 0.85703125 0.12890625 0.06484375 0.121875
1 0.75625 0.66875 0.09609375 0.0828125
0 0.50546875 0.6328125 0.109375 0.128125
1 0.57421875 0.696875 0.05078125 0.1265625
1 0.325 0.65078125 0.09375 0.09609375
0 0.30703125 0.73671875 0.12734375 0.0859375
1 0.915625 0.68828125 0.0609375 0.12109375
0 0.975 0.3234375 0.05 0.15703125
0 0.64296875 0.38359375 0.11796875 0.09296875
1 0.6640625 0.46640625 0.05703125 0.12265625
1 0.51875 0.36328125 0.08125 0.15703125