0 0.2765625 0.68359375 0.12890625 0.0703125
0 0.35 0.50859375 0.09375 0.14609375
0 0.525 0.490625 0.06171875 0.15703125
0 0.41953125 0.35390625 0.08671875 0.1546875
1 0.49375 0.30234375 0.09140625 0.0875
1 0.61484375 0.353125 0.0609375 0.1265625
1 0.7125 0.19453125 0.10234375 0.07109375
1 0.84375 0.19140625 0.09375 0.09453125
1 0.7921875 0.42109375 0.05234375 0.115625
1 0.3578125 0.07734375 0.1 0.075
1 0.12734375 0.3375 0.05 0.15234375
1 0.37734375 0.646875 0.06953125 0.11953125
1 0.51328125 0.6125 0.0921875 0.08203125
1 0.64375 0.4625 0.08125 0.1046875
0 0.78203125 0.65546875 0.11953125 0.1109375
1 0.88125 0.571875 0.07734375 0.13671875
1 0.475 0.50390625 0.0421875 0.13203125
1 0.41953125 0.4703125 0.0671875 0.1265625
1 0.25234375 0.59921875 0.10234375 0.1015625
1 0.19296875 0.58515625 0.06015625 0.1265625
1 0.07578125 0.484375 0.046875 0.13828125
0 0.4765625 0.7203125 0.09375 0.14765625