0 0.82421875 0.61171875 0.07890625 0.165625
0 0.2828125 0.303125 0.13046875 0.08671875
0 0.9390625 0.584375 0.121875 0.10234375
0 0.25546875 0.72109375 0.09765625 0.13203125
1 0.64140625 0.45703125 0.09453125 0.10546875
1 0.75390625 0.4890625 0.0578125 0.13515625
1 0.84453125 0.275 0.09453125 0.10703125
1 0.4734375 0.1015625 0.07734375 0.1234375
1 0.4109375 0.196875 0.05625 0.11640625
1 0.046875 0.48671875 0.0515625 0.13984375
1 0.1140625 0.5265625 0.0859375 0.09296875
1 0.0625 0.24921875 0.09375 0.0609375
1 0.1734375 0.2609375 0.1046875 0.07109375
1 0.27265625 0.6171875 0.0765625 0.1125
1 0.61171875 0.59609375 0.04765625 0.134375
1 0.6671875 0.60234375 0.05625 0.13671875
1 0.7125 0.6390625 0.07578125 0.12265625
1 0.0921875 0.6859375 0.096875 0.075
0 0.2609375 0.44296875 0.12734375 0.08828125
0 0.21640625 0.48828125 0.1265625 0.12890625
1 0.146875 0.378125 0.07578125 0.1171875
0 0.56328125 0.73671875 0.06484375 0.15625