0 0.11015625 0.2515625 0.10703125 0.11015625
0 0.16171875 0.3484375 0.09609375 0.1328125
0 0.63125 0.48984375 0.053125 0.15390625
0 0.728125 0.13359375 0.08046875 0.1703125
0 0.5234375 0.61796875 0.0703125 0.1515625
0 0.11171875 0.584375 0.11640625 0.109375
1 0.5453125 0.4859375 0.053125 0.12890625
1 0.3484375 0.45859375 0.046875 0.12578125
1 0.03125 0.16171875 0.0625 0.10625
1 0.58984375 0.31875 0.0984375 0.1046875
1 0.903125 0.14296875 0.071875 0.13984375
1 0.9609375 0.25078125 0.078125 0.14375
1 0.9453125 0.45234375 0.109375 0.0875
1 0.8140625 0.63515625 0.10546875 0.09296875
1 0.30703125 0.63359375 0.09453125 0.0828125
1 0.3421875 0.58046875 0.08515625 0.1234375
1 0.571875 0.6109375 0.075 0.10859375
1 0.6703125 0.60234375 0.05078125 0.125
1 0.4125 0.41015625 0.06015625 0.14375