0 0.2453125 0.59140625 0.05859375 0.17265625
0 0.37109375 0.52109375 0.09453125 0.115625
0 0.46015625 0.5359375 0.07109375 0.1578125
0 0.4703125 0.40859375 0.1015625 0.10390625
0 0.10859375 0.23984375 0.11015625 0.12421875
0 0.4796875 0.69921875 0.11484375 0.10234375
1 0.52109375 0.35703125 0.11015625 0.08359375
1 0.4578125 0.26015625 0.04921875 0.12734375
1 0.13671875 0.43359375 0.0953125 0.10390625
1 0.03359375 0.378125 0.0609375 0.14375
1 0.05625 0.6109375 0.0421875 0.121875
1 0.11875 0.6515625 0.10625 0.090625
1 0.18359375 0.6796875 0.04609375 0.1375
1 0.25625 0.46484375 0.1046875 0.0671875
1 0.29921875 0.59296875 0.0578125 0.13125
1 0.57734375 0.65546875 0.0515625 0.146875
1 0.6734375 0.525 0.08671875 0.1203125
1 0.81171875 0.5453125 0.03828125 0.14375
1 0.83359375 0.625 0.0734375 0.11328125
0 0.8828125 0.70546875 0.1 0.103125
1 0.30703125 0.2875 0.0671875 0.128125