0 0.05390625 0.08203125 0.0984375 0.14609375
0 0.33828125 0.58046875 0.128125 0.096875
0 0.2375 0.7203125 0.10625 0.1234375
0 0.634375 0.3296875 0.09140625 0.153125
0 0.70703125 0.6578125 0.06171875 0.16484375
0 0.92578125 0.60546875 0.12265625 0.06953125
1 0.503125 0.28203125 0.1 0.0703125
1 0.47578125 0.4828125 0.06015625 0.13515625
1 0.57890625 0.3921875 0.0453125 0.1328125
1 0.65234375 0.5421875 0.04765625 0.15
1 0.60859375 0.675 0.04765625 0.14453125
0 0.421875 0.709375 0.10546875 0.121875
1 0.47265625 0.5921875 0.09453125 0.1
1 0.59296875 0.1203125 0.09765625 0.08203125
1 0.7203125 0.51796875 0.08359375 0.1109375
1 0.77265625 0.475 0.0859375 0.1109375
1 0.859375 0.48046875 0.1 0.07734375
1 0.85546875 0.371875 0.08984375 0.096875
1 0.90859375 0.39609375 0.08984375 0.09140625
1 0.95390625 0.46953125 0.09140625 0.065625
1 0.80546875 0.634375 0.1046875 0.109375