0 0.43125 0.63046875 0.11171875 0.08984375
0 0.24609375 0.40546875 0.0890625 0.15234375
0 0.11796875 0.25546875 0.06015625 0.15234375
0 0.75234375 0.5046875 0.06015625 0.1875
0 0.946875 0.45 0.10625 0.0796875
1 0.86875 0.29140625 0.10625 0.0796875
1 0.69296875 0.35703125 0.1046875 0.08359375
1 0.04765625 0.2609375 0.07890625 0.1046875
1 0.35703125 0.4859375 0.05703125 0.125
1 0.4515625 0.5140625 0.09921875 0.07734375
1 0.3359375 0.57734375 0.0921875 0.06015625
1 0.221875 0.6421875 0.05 0.1328125
1 0.1453125 0.55859375 0.09609375 0.07421875
1 0.59765625 0.61015625 0.03828125 0.14375
1 0.65546875 0.65859375 0.04609375 0.13671875
1 0.97109375 0.140625 0.0578125 0.08671875
1 0.05078125 0.075 0.06796875 0.13359375
1 0.0671875 0.63046875 0.11015625 0.06953125
1 0.2734375 0.7328125 0.07265625 0.11484375