0 0.1296875 0.5328125 0.10703125 0.12734375
0 0.334375 0.56171875 0.07109375 0.16015625
0 0.58828125 0.58515625 0.08828125 0.15703125
0 0.5234375 0.14375 0.06015625 0.16015625
0 0.04140625 0.2671875 0.08203125 0.12109375
1 0.24453125 0.48125 0.05703125 0.14140625
1 0.39296875 0.49296875 0.0578125 0.1515625
1 0.49296875 0.459375 0.08515625 0.1015625
1 0.46796875 0.59453125 0.08828125 0.1078125
1 0.709375 0.54296875 0.109375 0.078125
1 0.7796875 0.63984375 0.08515625 0.10859375
1 0.878125 0.5484375 0.1 0.09609375
1 0.83671875 0.1984375 0.1046875 0.13359375
1 0.53828125 0.0390625 0.10546875 0.0609375
1 0.22734375 0.6171875 0.09296875 0.0671875
1 0.1890625 0.7 0.09609375 0.078125
1 0.29140625 0.63984375 0.04453125 0.15390625