0 0.896875 0.19140625 0.1 0.1484375
0 0.50234375 0.12578125 0.06328125 0.1515625
0 0.65625 0.32578125 0.08359375 0.15859375
0 0.82109375 0.6703125 0.0609375 0.1640625
1 0.3984375 0.48359375 0.08671875 0.1203125
1 0.35703125 0.67734375 0.05078125 0.1421875
1 0.2828125 0.55625 0.06875 0.1203125
1 0.18359375 0.59296875 0.0984375 0.0640625
1 0.1921875 0.6703125 0.10078125 0.08984375
1 0.084375 0.5421875 0.05546875 0.12421875
1 0.0375 0.47109375 0.075 0.09140625
1 0.30703125 0.21875 0.09140625 0.0953125
1 0.43359375 0.06484375 0.07421875 0.1296875
1 0.684375 0.20703125 0.1125 0.0609375
1 0.8140625 0.290625 0.07578125 0.13125
1 0.87578125 0.37421875 0.07109375 0.13125
1 0.87421875 0.5234375 0.0578125 0.13671875
1 0.6421875 0.61875 0.08359375 0.0953125
1 0.52578125 0.64765625 0.0953125 0.065625
1 0.42578125 0.6828125 0.05390625 0.1390625
1 0.0375 0.65 0.075 0.1171875
1 0.54765625 0.49609375 0.04765625 0.1453125
1 0.9546875 0.49140625 0.090625 0.09921875