0 0.803125 0.59765625 0.06015625 0.16796875
0 0.8609375 0.67578125 0.08984375 0.1078125
0 0.39296875 0.74140625 0.07890625 0.128125
1 0.23125 0.54375 0.09921875 0.0734375
1 0.42109375 0.48984375 0.11015625 0.07578125
1 0.65859375 0.40078125 0.09765625 0.0578125
1 0.90078125 0.1578125 0.08203125 0.10546875
1 0.70390625 0.621875 0.0828125 0.11640625
1 0.64140625 0.66484375 0.08203125 0.1171875
1 0.7515625 0.69609375 0.1 0.06796875
1 0.42734375 0.6671875 0.04453125 0.13671875
1 0.290625 0.6984375 0.0984375 0.1