0 0.32421875 0.4375 0.13671875 0.15859375
1 0.22578125 0.159375 0.0734375 0.1421875
1 0.19765625 0.25234375 0.1328125 0.090625
1 0.17421875 0.38671875 0.10234375 0.1484375
1 0.10859375 0.59296875 0.084375 0.128125
0 0.553125 0.35234375 0.0859375 0.15546875
0 0.5703125 0.46484375 0.11015625 0.1359375
1 0.67109375 0.5984375 0.1234375 0.11171875
1 0.6640625 0.4546875 0.078125 0.125
1 0.77265625 0.4953125 0.090625 0.13515625
1 0.68359375 0.9171875 0.17890625 0.11171875
0 0.32734375 0.55078125 0.125 0.08046875
1 0.86875 0.634375 0.11015625 0.08515625
1 0.6296875 0.7671875 0.07890625 0.096875
1 0.36484375 0.69140625 0.1046875 0.11484375
1 0.2328125 0.67578125 0.1015625 0.0921875
1 0.128125 0.69609375 0.07578125 0.08046875
1 0.3609375 0.89296875 0.14609375 0.11328125
1 0.26484375 0.84140625 0.1125 0.0875
0 0.82421875 0.81484375 0.1171875 0.15625
1 0.46171875 0.54921875 0.059375 0.121875
1 0.9609375 0.653125 0.07578125 0.14296875
1 0.8796875 0.70625 0.1296875 0.07578125
1 0.0734375 0.79140625 0.11953125 0.0890625
1 0.04765625 0.68671875 0.09453125 0.090625
1 0.4390625 0.66875 0.09453125 0.1203125
1 0.46953125 0.78515625 0.10703125 0.0875
1 0.2421875 0.78828125 0.1203125 0.0578125
1 0.55 0.5703125 0.07734375 0.13828125