0 0.428125 0.26875 0.07265625 0.1546875
0 0.34609375 0.51796875 0.09453125 0.13828125
0 0.17265625 0.33828125 0.09140625 0.146875
0 0.3296875 0.34921875 0.0796875 0.14453125
1 0.275 0.41796875 0.06875 0.1140625
1 0.4 0.44296875 0.06640625 0.1359375
1 0.6625 0.27890625 0.05859375 0.13828125
1 0.7046875 0.15234375 0.11875 0.125
1 0.7703125 0.478125 0.103125 0.0765625
1 0.66328125 0.46953125 0.08828125 0.084375
1 0.91171875 0.52109375 0.0921875 0.1046875
1 0.52734375 0.55859375 0.09140625 0.08671875
1 0.28125 0.57578125 0.08671875 0.08515625
1 0.28515625 0.6765625 0.05546875 0.1359375
1 0.465625 0.7125 0.05 0.13046875
1 0.79140625 0.653125 0.05078125 0.13984375
1 0.86171875 0.6453125 0.0921875 0.103125
1 0.97421875 0.3609375 0.0515625 0.14140625
1 0.16796875 0.64375 0.06328125 0.1328125
1 0.346875 0.69296875 0.0484375 0.12734375
1 0.58671875 0.71796875 0.0796875 0.0921875