0 0.215625 0.090625 0.0734375 0.159375
0 0.56171875 0.178125 0.09140625 0.15078125
0 0.1 0.28359375 0.07421875 0.15703125
0 0.1890625 0.365625 0.0984375 0.13125
0 0.2765625 0.3515625 0.0765625 0.159375
0 0.59375 0.7359375 0.06640625 0.1578125
0 0.2953125 0.253125 0.07109375 0.18203125
1 0.4359375 0.18046875 0.059375 0.140625
1 0.64765625 0.13203125 0.08828125 0.09609375
1 0.7078125 0.04921875 0.0875 0.08515625
1 0.69375 0.4765625 0.05625 0.14765625
1 0.74609375 0.5421875 0.0640625 0.13359375
1 0.80546875 0.63203125 0.0546875 0.14453125
1 0.86484375 0.56640625 0.06484375 0.14296875
1 0.43359375 0.5 0.05859375 0.1296875
1 0.52421875 0.51953125 0.05859375 0.1359375
1 0.55078125 0.3484375 0.05234375 0.14296875
1 0.14296875 0.12890625 0.06484375 0.121875
1 0.24375 0.66875 0.09609375 0.0828125
0 0.49453125 0.6328125 0.109375 0.128125
1 0.42578125 0.696875 0.05078125 0.1265625
1 0.675 0.65078125 0.09375 0.09609375
0 0.69296875 0.73671875 0.12734375 0.0859375
1 0.084375 0.68828125 0.0609375 0.12109375
0 0.025 0.3234375 0.05 0.15703125
0 0.35703125 0.38359375 0.11796875 0.09296875
1 0.3359375 0.46640625 0.05703125 0.12265625
1 0.48125 0.36328125 0.08125 0.15703125