0 0.521875 0.08359375 0.11796875 0.11640625
0 0.8234375 0.07734375 0.05859375 0.1546875
0 0.78203125 0.34375 0.11015625 0.14921875
0 0.8796875 0.64609375 0.09296875 0.16171875
0 0.13984375 0.68984375 0.1140625 0.121875
0 0.29453125 0.70859375 0.09921875 0.11328125
1 0.8078125 0.5515625 0.0578125 0.14375
1 0.9375 0.23125 0.06875 0.109375
1 0.56484375 0.34296875 0.0484375 0.13515625
1 0.46171875 0.38125 0.09453125 0.07421875
1 0.54453125 0.58984375 0.05390625 0.1375
1 0.46875 0.509375 0.0921875 0.08125
1 0.38984375 0.603125 0.08046875 0.10234375
1 0.4375 0.66953125 0.06484375 0.125
1 0.22890625 0.52265625 0.09140625 0.08828125
1 0.06171875 0.43984375 0.0625 0.128125
1 0.2890625 0.334375 0.10546875 0.08125
1 0.3359375 0.11328125 0.04921875 0.1203125
1 0.35703125 0.0296875 0.08828125 0.05859375
1 0.9359375 0.53515625 0.09609375 0.06640625
1 0.9734375 0.65078125 0.053125 0.12578125
1 0.9171875 0.69921875 0.05625 0.11875
1 0.59140625 0.7125 0.09453125 0.0859375
1 0.39921875 0.72890625 0.0890625 0.09375
1 0.11953125 0.57265625 0.1078125 0.07578125
1 0.12890625 0.6328125 0.08984375 0.0890625
1 0.7234375 0.790625 0.10546875 0.0578125