0 0.66796875 0.246875 0.08828125 0.16953125
0 0.58515625 0.72265625 0.1140625 0.11796875
1 0.76328125 0.55703125 0.11953125 0.07421875
1 0.84296875 0.45859375 0.12890625 0.07421875
1 0.92578125 0.559375 0.125 0.06875
1 0.96640625 0.66875 0.06328125 0.1375
1 0.31328125 0.05859375 0.08984375 0.1171875
1 0.09453125 0.3609375 0.0796875 0.125
1 0.05078125 0.69296875 0.0453125 0.12734375
1 0.378125 0.7484375 0.05 0.14609375
1 0.68125 0.725 0.05625 0.140625
1 0.14765625 0.6203125 0.07578125 0.1359375
0 0.23515625 0.75390625 0.08671875 0.13984375