0 0.10390625 0.0671875 0.1109375 0.12109375
0 0.67109375 0.51015625 0.06484375 0.16015625
0 0.2984375 0.54609375 0.0921875 0.13828125
0 0.70078125 0.71953125 0.12578125 0.0953125
1 0.44609375 0.3765625 0.06640625 0.1265625
1 0.3921875 0.48359375 0.10546875 0.090625
1 0.5046875 0.49140625 0.103125 0.0609375
1 0.5359375 0.57578125 0.10703125 0.0703125
1 0.42265625 0.63828125 0.0859375 0.08671875
0 0.34453125 0.70078125 0.10078125 0.10546875
1 0.23984375 0.29375 0.0640625 0.134375
1 0.33125 0.03828125 0.1203125 0.06640625
1 0.87734375 0.4796875 0.06640625 0.1375
1 0.95 0.4625 0.07578125 0.12109375
1 0.93046875 0.59296875 0.05859375 0.1390625
1 0.84375 0.6578125 0.06171875 0.13515625
1 0.05703125 0.5703125 0.06328125 0.1265625
1 0.0359375 0.47421875 0.071875 0.12265625
1 0.5140625 0.70234375 0.05 0.11640625