0 0.88984375 0.54140625 0.07578125 0.20390625
0 0.7796875 0.6171875 0.13203125 0.0875
0 0.91875 0.68203125 0.11484375 0.0796875
0 0.46875 0.46875 0.0796875 0.16953125
0 0.30234375 0.6859375 0.0859375 0.13828125
0 0.20546875 0.7046875 0.08203125 0.11171875
0 0.08828125 0.73515625 0.0921875 0.1265625
1 0.12265625 0.603125 0.1109375 0.09765625
1 0.54375 0.4265625 0.0546875 0.17265625
1 0.59765625 0.671875 0.05703125 0.13671875
1 0.90234375 0.39609375 0.09453125 0.08828125
1 0.7375 0.37578125 0.0671875 0.1125
1 0.6171875 0.146875 0.103125 0.06328125
1 0.59375 0.0796875 0.08125 0.09140625
1 0.41484375 0.371875 0.0578125 0.153125
1 0.3546875 0.2984375 0.053125 0.16328125
1 0.40546875 0.6078125 0.0890625 0.1015625
1 0.09765625 0.0515625 0.08046875 0.10234375