0 0.56953125 0.6484375 0.06015625 0.16328125
1 0.77578125 0.1984375 0.07890625 0.15
1 0.68125 0.1984375 0.09375 0.10390625
1 0.69765625 0.2640625 0.08984375 0.11796875
1 0.95234375 0.1359375 0.06328125 0.125
1 0.76328125 0.353125 0.08125 0.1140625
1 0.775 0.47890625 0.05234375 0.12109375
1 0.6671875 0.5875 0.0515625 0.14140625
1 0.5703125 0.5109375 0.059375 0.12890625
1 0.503125 0.55859375 0.0765625 0.1
1 0.50546875 0.66484375 0.06484375 0.11640625
1 0.290625 0.159375 0.11015625 0.08125
1 0.190625 0.6203125 0.07265625 0.14921875
1 0.27421875 0.684375 0.08203125 0.11796875
1 0.4140625 0.70390625 0.09296875 0.10625
1 0.83046875 0.63984375 0.10078125 0.06640625
1 0.91953125 0.6640625 0.09140625 0.084375
1 0.95546875 0.79609375 0.084375 0.07109375
1 0.6578125 0.715625 0.06171875 0.11875
1 0.07890625 0.6078125 0.096875 0.078125
1 0.83515625 0.73359375 0.07265625 0.08984375