0 0.8359375 0.7125 0.09296875 0.125
0 0.7234375 0.75703125 0.10546875 0.12421875
0 0.58125 0.5453125 0.08125 0.16015625
1 0.6484375 0.56953125 0.0515625 0.1421875
1 0.53046875 0.4265625 0.11328125 0.08125
1 0.3515625 0.6625 0.059375 0.18828125
1 0.2359375 0.6078125 0.05 0.1390625
1 0.15078125 0.596875 0.09609375 0.06328125
1 0.16640625 0.69375 0.09453125 0.09609375
1 0.0984375 0.74453125 0.065625 0.14140625
1 0.1234375 0.30546875 0.0984375 0.059375
1 0.06484375 0.38359375 0.10390625 0.06328125
1 0.7828125 0.521875 0.04921875 0.11015625
1 0.75390625 0.63671875 0.0484375 0.1234375
1 0.67109375 0.67109375 0.08671875 0.0921875
1 0.7984375 0.64296875 0.05703125 0.1359375
1 0.846875 0.56796875 0.06796875 0.11171875
1 0.909375 0.48046875 0.0875 0.0765625
1 0.86953125 0.39765625 0.05625 0.13203125
1 0.94765625 0.35 0.05234375 0.12265625
1 0.9515625 0.521875 0.0921875 0.11640625
1 0.95546875 0.66015625 0.0890625 0.1109375
1 0.8921875 0.70078125 0.05078125 0.12421875