0 0.43671875 0.334375 0.07578125 0.15234375
0 0.53984375 0.6328125 0.11953125 0.078125
0 0.4453125 0.5078125 0.109375 0.11484375
1 0.57734375 0.53828125 0.10625 0.06328125
1 0.60859375 0.44296875 0.04765625 0.13828125
1 0.68828125 0.396875 0.0703125 0.11953125
1 0.703125 0.259375 0.084375 0.10234375
1 0.821875 0.140625 0.08046875 0.1109375
1 0.90625 0.471875 0.11875 0.06953125
1 0.9265625 0.55859375 0.10859375 0.0875
0 0.93203125 0.6546875 0.1359375 0.0953125
0 0.7640625 0.69296875 0.121875 0.14453125
0 0.1859375 0.68671875 0.10703125 0.13984375
0 0.0890625 0.68203125 0.06328125 0.17421875
1 0.1015625 0.25390625 0.065625 0.13046875
1 0.08828125 0.14375 0.0671875 0.10703125
1 0.16484375 0.0609375 0.08046875 0.12109375
1 0.625 0.6203125 0.05390625 0.1234375
1 0.41796875 0.6125 0.07734375 0.1140625
1 0.1234375 0.49453125 0.08515625 0.09921875
1 0.05234375 0.4109375 0.07265625 0.0921875