1 0.659375 0.44453125 0.084375 0.0953125
1 0.7609375 0.53125 0.059375 0.14140625
1 0.62265625 0.64296875 0.05078125 0.1515625
1 0.528125 0.69921875 0.0484375 0.13125
0 0.3859375 0.471875 0.08203125 0.16015625
1 0.03984375 0.15078125 0.0515625 0.12890625
1 0.31640625 0.19609375 0.084375 0.0953125
1 0.1765625 0.39375 0.0515625 0.13984375
1 0.07890625 0.29453125 0.10078125 0.10078125
1 0.0890625 0.55390625 0.04921875 0.1453125
1 0.190625 0.53828125 0.0984375 0.11328125
1 0.290625 0.5328125 0.10703125 0.08125
1 0.3859375 0.6328125 0.04921875 0.14453125
1 0.7125 0.734375 0.04609375 0.15546875
1 0.8671875 0.76171875 0.096875 0.08046875
1 0.29375 0.69921875 0.0578125 0.14296875
1 0.35703125 0.7203125 0.0578125 0.13046875
1 0.43046875 0.75625 0.06640625 0.115625
1 0.15859375 0.63671875 0.0875 0.0734375
1 0.2234375 0.696875 0.07265625 0.11953125
1 0.11328125 0.7359375 0.115625 0.06640625
1 0.965625 0.7078125 0.06875 0.08125