0 0.9328125 0.10859375 0.11171875 0.1640625
0 0.478125 0.12890625 0.08125 0.1890625
0 0.2046875 0.30703125 0.096875 0.16484375
0 0.18359375 0.4328125 0.11015625 0.14609375
0 0.140625 0.69609375 0.08671875 0.1546875
1 0.83046875 0.45859375 0.08046875 0.1546875
0 0.4140625 0.66796875 0.08046875 0.13984375
0 0.5984375 0.7078125 0.1046875 0.13515625
1 0.353125 0.1078125 0.08359375 0.1203125
0 0.6296875 0.63046875 0.1203125 0.1328125
1 0.7453125 0.6671875 0.11171875 0.10234375
1 0.3921875 0.4765625 0.11015625 0.14609375
1 0.14921875 0.13984375 0.0859375 0.13984375
1 0.92890625 0.70703125 0.09296875 0.11875
1 0.29453125 0.61640625 0.0734375 0.121875
1 0.2234375 0.6296875 0.09921875 0.128125
1 0.0484375 0.8453125 0.096875 0.0953125
1 0.18671875 0.86953125 0.1515625 0.1328125
1 0.47109375 0.8640625 0.14296875 0.09375
1 0.2015625 0.7796875 0.08125 0.0953125
1 0.6765625 0.3984375 0.1203125 0.11875
1 0.29375 0.80078125 0.10234375 0.0890625
1 0.325 0.6796875 0.1015625 0.0890625
1 0.046875 0.45703125 0.09375 0.1484375
1 0.47734375 0.64921875 0.06484375 0.15
1 0.65234375 0.7109375 0.090625 0.11015625
1 0.5421875 0.715625 0.090625 0.0953125
1 0.5109375 0.7765625 0.11640625 0.0984375