0 0.05390625 0.26328125 0.06640625 0.16328125
0 0.6453125 0.52578125 0.07109375 0.1625
0 0.165625 0.36953125 0.1234375 0.10078125
0 0.15703125 0.47421875 0.12578125 0.08125
0 0.87265625 0.67265625 0.12578125 0.0859375
0 0.978125 0.4046875 0.04375 0.175
1 0.384375 0.44296875 0.1 0.078125
1 0.371875 0.5359375 0.1109375 0.08828125
1 0.53828125 0.6609375 0.10703125 0.071875
1 0.73203125 0.54609375 0.0515625 0.1453125
1 0.77265625 0.40625 0.10390625 0.0703125
1 0.921875 0.51015625 0.0953125 0.1109375
1 0.87109375 0.58515625 0.11640625 0.06953125
1 0.64453125 0.690625 0.1015625 0.06484375
1 0.43046875 0.22578125 0.09140625 0.10390625
1 0.30234375 0.2453125 0.07890625 0.11015625
1 0.0515625 0.6265625 0.07109375 0.1265625
1 0.5328125 0.54296875 0.090625 0.0890625
1 0.7453125 0.65078125 0.10078125 0.08828125
1 0.18984375 0.5765625 0.11015625 0.0890625
1 0.178125 0.215625 0.07109375 0.1203125