0 0.30859375 0.1890625 0.07265625 0.16484375
0 0.18203125 0.3515625 0.09765625 0.13984375
0 0.06484375 0.2203125 0.09765625 0.1359375
0 0.92109375 0.46640625 0.1234375 0.140625
0 0.93359375 0.6078125 0.1328125 0.0984375
0 0.56015625 0.6859375 0.1015625 0.1375
1 0.175 0.66015625 0.09375 0.10703125
1 0.3640625 0.53671875 0.08046875 0.0640625
1 0.428125 0.5703125 0.04765625 0.14765625
1 0.45390625 0.328125 0.0484375 0.1609375
1 0.6 0.38984375 0.04921875 0.13828125
1 0.70390625 0.2703125 0.0484375 0.13984375
1 0.65234375 0.55859375 0.0609375 0.13671875
1 0.728125 0.65390625 0.071875 0.13828125
1 0.6390625 0.6703125 0.090625 0.08984375
1 0.49375 0.52578125 0.0453125 0.1203125
1 0.71640625 0.5125 0.08515625 0.0953125
0 0.46875 0.72265625 0.06875 0.1484375