0 0.7859375 0.6015625 0.0984375 0.14296875
1 0.853125 0.521875 0.0484375 0.13671875
1 0.83046875 0.2140625 0.05703125 0.12734375
1 0.66171875 0.47421875 0.06328125 0.1390625
1 0.58046875 0.48828125 0.10234375 0.0671875
1 0.3953125 0.546875 0.071875 0.1328125
1 0.42734375 0.721875 0.04609375 0.1671875
1 0.3265625 0.684375 0.084375 0.11484375
1 0.16796875 0.65859375 0.04453125 0.15390625
1 0.14296875 0.4875 0.07578125 0.12109375
1 0.0390625 0.42734375 0.06484375 0.125
1 0.9765625 0.3328125 0.046875 0.13125