0 0.7890625 0.1296875 0.078125 0.16328125
1 0.69453125 0.15 0.1015625 0.10546875
1 0.75859375 0.28125 0.0734375 0.140625
1 0.8046875 0.61796875 0.06484375 0.128125
1 0.43671875 0.4109375 0.08515625 0.09140625
1 0.4734375 0.47890625 0.09765625 0.0640625
1 0.27890625 0.5234375 0.0609375 0.13359375
1 0.140625 0.58359375 0.06484375 0.13671875
1 0.128125 0.23046875 0.05 0.1234375
1 0.19765625 0.25234375 0.06953125 0.125
1 0.29140625 0.26796875 0.10078125 0.09765625
1 0.5015625 0.140625 0.10859375 0.071875
1 0.675 0.678125 0.10859375 0.10078125
1 0.2140625 0.6890625 0.1015625 0.06796875
1 0.38984375 0.58671875 0.08515625 0.10078125
1 0.371875 0.5 0.10546875 0.0703125
1 0.31171875 0.41953125 0.0828125 0.09921875
1 0.3171875 0.3515625 0.10234375 0.0609375
1 0.26484375 0.1625 0.06484375 0.11171875
1 0.34140625 0.63515625 0.04453125 0.1328125
1 0.86015625 0.78515625 0.10703125 0.07265625
1 0.46484375 0.725 0.04296875 0.11640625