0 0.70625 0.6546875 0.11640625 0.1125
0 0.64375 0.45234375 0.0703125 0.1546875
0 0.628125 0.07421875 0.09375 0.14765625
1 0.92265625 0.12734375 0.04140625 0.1328125
1 0.884375 0.28046875 0.0859375 0.06484375
1 0.95390625 0.3328125 0.0921875 0.06484375
1 0.88046875 0.42578125 0.10234375 0.071875
1 0.8703125 0.51015625 0.10234375 0.0671875
1 0.7546875 0.4265625 0.090625 0.0734375
1 0.53671875 0.3359375 0.06015625 0.1421875
1 0.73203125 0.121875 0.09140625 0.11328125
1 0.25234375 0.0921875 0.06328125 0.1328125
1 0.15703125 0.12578125 0.07890625 0.09609375
1 0.03828125 0.33203125 0.0703125 0.13671875
1 0.07578125 0.2109375 0.07109375 0.10859375
1 0.30859375 0.62109375 0.05625 0.13125
1 0.4125 0.50234375 0.04921875 0.1453125
1 0.20234375 0.52890625 0.0859375 0.12109375
1 0.1078125 0.5390625 0.10703125 0.06875
1 0.10859375 0.634375 0.0609375 0.1359375
1 0.6109375 0.5734375 0.078125 0.10390625
1 0.5421875 0.634375 0.07578125 0.11796875