0 0.1328125 0.10703125 0.10859375 0.14296875
0 0.8109375 0.59140625 0.13984375 0.0828125
0 0.3265625 0.48984375 0.059375 0.15859375
1 0.55 0.21953125 0.04921875 0.15078125
1 0.6421875 0.14140625 0.12734375 0.103125
1 0.65390625 0.30078125 0.0796875 0.0875
1 0.6078125 0.396875 0.05 0.1328125
1 0.4109375 0.48046875 0.03984375 0.1265625
1 0.46796875 0.5203125 0.07734375 0.09375
1 0.2953125 0.60546875 0.053125 0.146875
1 0.96171875 0.56484375 0.04765625 0.15390625
1 0.19296875 0.6625 0.05234375 0.134375
1 0.1296875 0.53671875 0.07734375 0.13046875
1 0.22421875 0.578125 0.07109375 0.1234375
1 0.34765625 0.15390625 0.09453125 0.071875
1 0.16015625 0.36796875 0.2234375 0.078125
1 0.3875 0.5875 0.05078125 0.14921875
1 0.59140625 0.603125 0.10703125 0.08046875
1 0.06640625 0.57734375 0.05390625 0.13359375