0 0.8703125 0.346875 0.08984375 0.146875
0 0.6046875 0.3890625 0.0765625 0.1484375
0 0.5203125 0.66796875 0.128125 0.08515625
0 0.9 0.1703125 0.0796875 0.16953125
1 0.58046875 0.3015625 0.0578125 0.1234375
1 0.490625 0.440625 0.0609375 0.13515625
1 0.5171875 0.54296875 0.05859375 0.13828125
1 0.59765625 0.6078125 0.05234375 0.13515625
1 0.21640625 0.40078125 0.1109375 0.07578125
1 0.175 0.30234375 0.05859375 0.1421875
1 0.11953125 0.46640625 0.07734375 0.1296875
1 0.2296875 0.49453125 0.05859375 0.12890625
1 0.18515625 0.54296875 0.08984375 0.1015625
0 0.15859375 0.640625 0.1140625 0.09453125
1 0.946875 0.56015625 0.0875 0.06328125
1 0.8703125 0.66484375 0.09921875 0.078125
1 0.76875 0.7078125 0.08984375 0.08515625
1 0.66484375 0.71875 0.071875 0.1171875
1 0.53125 0.02890625 0.10625 0.0546875
0 0.865625 0.75546875 0.1234375 0.08046875