1 0.0390625 0.15078125 0.053125 0.134375
1 0.3125 0.19453125 0.09375 0.096875
1 0.48515625 0.37578125 0.08828125 0.121875
1 0.76796875 0.38515625 0.05390625 0.1328125
1 0.83046875 0.503125 0.0953125 0.0953125
1 0.778125 0.609375 0.11796875 0.071875
1 0.534375 0.65859375 0.05234375 0.140625
1 0.2453125 0.465625 0.05859375 0.12421875
1 0.33203125 0.4625 0.0671875 0.12109375
0 0.39140625 0.5453125 0.05546875 0.15625
1 0.2390625 0.61171875 0.065625 0.13984375
1 0.1546875 0.64140625 0.09921875 0.05546875
1 0.32734375 0.6625 0.07265625 0.12890625
1 0.60546875 0.753125 0.1046875 0.071875
1 0.109375 0.75 0.07890625 0.128125
1 0.08671875 0.6390625 0.08359375 0.10234375
1 0.42109375 0.76484375 0.06171875 0.1078125
1 0.4390625 0.6609375 0.0734375 0.11171875
1 0.94453125 0.64921875 0.10703125 0.06875
1 0.31484375 0.5640625 0.1 0.06484375