0 0.56171875 0.2078125 0.109375 0.15
1 0.47578125 0.28984375 0.0984375 0.12265625
0 0.7640625 0.33515625 0.0734375 0.16484375
1 0.71015625 0.63515625 0.0640625 0.13359375
1 0.92890625 0.64453125 0.1015625 0.10546875
1 0.73828125 0.72578125 0.09453125 0.10390625
1 0.63046875 0.65078125 0.1046875 0.09296875
1 0.61015625 0.56484375 0.13046875 0.07421875
1 0.50078125 0.61328125 0.071875 0.146875
0 0.35625 0.578125 0.071875 0.1546875
1 0.090625 0.6046875 0.07890625 0.13203125
1 0.45390625 0.69375 0.06796875 0.12734375
1 0.87265625 0.3890625 0.07109375 0.09453125
1 0.946875 0.37109375 0.09375 0.096875
1 0.76796875 0.90078125 0.13671875 0.1484375
1 0.51484375 0.85546875 0.12578125 0.06015625
1 0.15234375 0.78359375 0.10234375 0.0921875
1 0.40859375 0.784375 0.1171875 0.0953125
1 0.67265625 0.7953125 0.12265625 0.090625
1 0.29375 0.6453125 0.0734375 0.13828125
1 0.8359375 0.77890625 0.11796875 0.08515625
1 0.06484375 0.771875 0.04921875 0.1296875
1 0.62265625 0.74765625 0.11796875 0.07578125
1 0.51171875 0.75703125 0.0421875 0.11328125
1 0.26328125 0.603125 0.06171875 0.08828125
1 0.19453125 0.71484375 0.05859375 0.125