0 0.94609375 0.26328125 0.06640625 0.16328125
0 0.3546875 0.52578125 0.07109375 0.1625
0 0.834375 0.36953125 0.1234375 0.10078125
0 0.84296875 0.47421875 0.12578125 0.08125
0 0.12734375 0.67265625 0.12578125 0.0859375
0 0.021875 0.4046875 0.04375 0.175
1 0.615625 0.44296875 0.1 0.078125
1 0.628125 0.5359375 0.1109375 0.08828125
1 0.46171875 0.6609375 0.10703125 0.071875
1 0.26796875 0.54609375 0.0515625 0.1453125
1 0.22734375 0.40625 0.10390625 0.0703125
1 0.078125 0.51015625 0.0953125 0.1109375
1 0.12890625 0.58515625 0.11640625 0.06953125
1 0.35546875 0.690625 0.1015625 0.06484375
1 0.56953125 0.22578125 0.09140625 0.10390625
1 0.69765625 0.2453125 0.07890625 0.11015625
1 0.9484375 0.6265625 0.07109375 0.1265625
1 0.4671875 0.54296875 0.090625 0.0890625
1 0.2546875 0.65078125 0.10078125 0.08828125
1 0.81015625 0.5765625 0.11015625 0.0890625
1 0.821875 0.215625 0.07109375 0.1203125