0 0.26953125 0.1078125 0.09453125 0.14765625
0 0.34921875 0.2984375 0.11640625 0.1171875
0 0.28203125 0.56171875 0.115625 0.13359375
0 0.4234375 0.46328125 0.07421875 0.16015625
0 0.1515625 0.72421875 0.05859375 0.1609375
1 0.05234375 0.14453125 0.05 0.14140625
1 0.12109375 0.053125 0.08515625 0.0765625
1 0.52421875 0.22890625 0.0453125 0.1453125
1 0.84921875 0.13046875 0.0828125 0.11484375
1 0.85625 0.30078125 0.06875 0.121875
1 0.890625 0.45546875 0.071875 0.11953125
1 0.82421875 0.61640625 0.09140625 0.1203125
1 0.890625 0.6078125 0.053125 0.13125
1 0.97109375 0.48671875 0.0578125 0.1234375
1 0.53828125 0.57890625 0.06953125 0.1234375
0 0.46953125 0.67421875 0.07265625 0.1484375
1 0.2484375 0.6203125 0.09296875 0.09375
1 0.06640625 0.5484375 0.06328125 0.15
1 0.3734375 0.55546875 0.08984375 0.096875
1 0.31484375 0.39375 0.075 0.1125
1 0.259375 0.42265625 0.075 0.1140625
1 0.4109375 0.70859375 0.08046875 0.09609375
1 0.603125 0.43046875 0.08359375 0.16953125
1 0.64453125 0.43984375 0.05546875 0.1171875
1 0.22109375 0.04609375 0.08203125 0.0921875
1 0.07421875 0.74921875 0.09140625 0.08125
1 0.95 0.6796875 0.1 0.075