0 0.42109375 0.6671875 0.10390625 0.12578125
0 0.575 0.628125 0.06171875 0.171875
0 0.625 0.4296875 0.1046875 0.13359375
1 0.80859375 0.34765625 0.09140625 0.11484375
1 0.646875 0.26171875 0.0984375 0.08984375
1 0.46328125 0.2609375 0.06328125 0.1421875
1 0.4890625 0.45390625 0.03984375 0.13984375
1 0.43125 0.55859375 0.05625 0.1296875
1 0.35625 0.55859375 0.065625 0.09609375
1 0.32265625 0.665625 0.07265625 0.103125
1 0.2546875 0.59609375 0.05859375 0.14140625
1 0.13203125 0.57421875 0.06015625 0.1484375
1 0.06484375 0.2359375 0.10625 0.0875
1 0.81796875 0.146875 0.05078125 0.14296875
1 0.92890625 0.16328125 0.07265625 0.096875
1 0.896875 0.63359375 0.08984375 0.08671875
1 0.71796875 0.51171875 0.07265625 0.1265625
1 0.68359375 0.58203125 0.10390625 0.0703125
1 0.65859375 0.65703125 0.046875 0.12734375
0 0.62578125 0.74921875 0.0703125 0.1484375
0 0.86328125 0.75 0.1203125 0.13359375
1 0.065625 0.678125 0.07734375 0.1234375
1 0.5171875 0.63359375 0.0625 0.1296875
1 0.28125 0.5078125 0.05625 0.1015625