0 0.13125 0.30625 0.06953125 0.171875
1 0.67421875 0.3296875 0.0703125 0.14375
1 0.81328125 0.2015625 0.0921875 0.1140625
1 0.60546875 0.56640625 0.10859375 0.1171875
1 0.4046875 0.5921875 0.09921875 0.0984375
1 0.1609375 0.66484375 0.090625 0.1203125
1 0.0625 0.615625 0.125 0.07578125
1 0.0390625 0.734375 0.078125 0.140625
1 0.7796875 0.67890625 0.1046875 0.125
1 0.29765625 0.71796875 0.0984375 0.1171875
1 0.37109375 0.7109375 0.08046875 0.13828125
0 0.525 0.66953125 0.096875 0.13359375
1 0.4890625 0.59453125 0.05390625 0.15
1 0.20859375 0.75390625 0.09375 0.1
1 0.89921875 0.775 0.09765625 0.08125
1 0.70625 0.77890625 0.0984375 0.07265625