0 0.71171875 0.48203125 0.07578125 0.15703125
0 0.7515625 0.3890625 0.071875 0.13203125
0 0.56875 0.56171875 0.115625 0.11796875
0 0.66796875 0.66953125 0.06796875 0.16953125
0 0.49609375 0.1390625 0.07578125 0.1484375
1 0.8296875 0.471875 0.08359375 0.11640625
1 0.9171875 0.41484375 0.08359375 0.1
1 0.92578125 0.0578125 0.09375 0.09296875
1 0.59375 0.24609375 0.0796875 0.1125
1 0.54375 0.328125 0.0578125 0.1234375
1 0.478125 0.39609375 0.05 0.12890625
1 0.42421875 0.3375 0.0390625 0.13203125
1 0.35703125 0.43359375 0.07109375 0.13359375
1 0.28828125 0.42578125 0.0453125 0.14609375
1 0.2796875 0.26171875 0.09296875 0.10625
1 0.13828125 0.246875 0.1046875 0.06640625
1 0.1484375 0.440625 0.11328125 0.06484375
1 0.090625 0.51953125 0.1 0.065625
1 0.30546875 0.54609375 0.05234375 0.13828125
1 0.57265625 0.675 0.0890625 0.10390625
1 0.8546875 0.67421875 0.07421875 0.125
1 0.7515625 0.6171875 0.05546875 0.1328125
1 0.32421875 0.6640625 0.10546875 0.06875
1 0.15 0.63203125 0.05234375 0.13359375
1 0.0453125 0.59765625 0.08828125 0.0859375