0 0.4484375 0.55078125 0.08984375 0.13828125
0 0.1703125 0.72578125 0.10859375 0.09453125
0 0.26953125 0.6546875 0.09453125 0.12890625
0 0.28359375 0.75859375 0.09296875 0.11328125
0 0.04375 0.39296875 0.0875 0.11640625
1 0.09375 0.29765625 0.06328125 0.11875
1 0.0328125 0.25390625 0.065625 0.11171875
1 0.03203125 0.09765625 0.046875 0.12421875
1 0.1609375 0.0984375 0.0703125 0.11640625
1 0.46328125 0.340625 0.06015625 0.13515625
1 0.584375 0.41328125 0.09609375 0.07109375
1 0.61171875 0.5234375 0.0578125 0.1328125
1 0.4390625 0.65078125 0.08671875 0.10546875
1 0.5125 0.67265625 0.046875 0.12578125
1 0.55 0.6078125 0.05625 0.13125
0 0.6203125 0.66875 0.053125 0.1734375
1 0.671875 0.63671875 0.05234375 0.13984375
1 0.8015625 0.67734375 0.05859375 0.125
1 0.7015625 0.71484375 0.075 0.1125
1 0.2921875 0.525 0.05234375 0.1296875
1 0.2328125 0.55546875 0.1015625 0.06328125
1 0.125 0.64921875 0.11484375 0.06875
1 0.48125 0.46171875 0.09375 0.06015625
1 0.85390625 0.44765625 0.06328125 0.13515625
1 0.91171875 0.51328125 0.05859375 0.1328125
1 0.88671875 0.5984375 0.04765625 0.1328125
1 0.83671875 0.57421875 0.06640625 0.11484375
1 0.9296875 0.68203125 0.05234375 0.140625
0 0.95234375 0.7828125 0.0953125 0.08125