0 0.92109375 0.16953125 0.109375 0.14140625
0 0.5296875 0.55703125 0.053125 0.16640625
0 0.3453125 0.64140625 0.121875 0.09453125
1 0.4734375 0.38125 0.0890625 0.09453125
1 0.95703125 0.33671875 0.07890625 0.1265625
1 0.0953125 0.38671875 0.096875 0.11015625
1 0.14609375 0.50390625 0.10390625 0.08203125
1 0.0625 0.590625 0.125 0.0703125
1 0.33515625 0.46328125 0.05390625 0.13359375
1 0.35703125 0.5515625 0.09140625 0.09765625
1 0.240625 0.65234375 0.05859375 0.15859375
1 0.13046875 0.6625 0.10078125 0.0953125
1 0.7546875 0.684375 0.08359375 0.1078125
1 0.6921875 0.41171875 0.07421875 0.09375
1 0.64609375 0.50546875 0.04921875 0.13125
1 0.575 0.65 0.06875 0.1171875