0 0.52421875 0.4046875 0.0578125 0.1625
1 0.09921875 0.62578125 0.04140625 0.15546875
1 0.14296875 0.66484375 0.06875 0.1296875
1 0.253125 0.525 0.10859375 0.0671875
1 0.1828125 0.4234375 0.05859375 0.1375
1 0.0984375 0.47734375 0.10234375 0.0953125
1 0.046875 0.3515625 0.0609375 0.1234375
1 0.3640625 0.6421875 0.04921875 0.15
1 0.44453125 0.58828125 0.0921875 0.084375
1 0.53125 0.58515625 0.04375 0.140625
1 0.48515625 0.70234375 0.07578125 0.11328125
1 0.63828125 0.603125 0.1015625 0.071875
1 0.6453125 0.51953125 0.09296875 0.1046875
1 0.80078125 0.6375 0.09765625 0.115625
1 0.7984375 0.74453125 0.06875 0.1078125
1 0.64921875 0.71015625 0.05078125 0.1265625
1 0.68984375 0.753125 0.06640625 0.11171875
1 0.5484375 0.753125 0.0578125 0.11796875
1 0.2421875 0.7390625 0.05546875 0.134375
1 0.4078125 0.68671875 0.04609375 0.14375