0 0.346875 0.5625 0.05390625 0.1640625
0 0.7125 0.53359375 0.05625 0.1703125
0 0.528125 0.3703125 0.08359375 0.14375
1 0.96171875 0.59765625 0.046875 0.14140625
1 0.80703125 0.596875 0.04140625 0.14296875
1 0.72265625 0.37578125 0.09765625 0.09140625
1 0.60703125 0.33515625 0.06328125 0.1234375
1 0.2078125 0.225 0.11484375 0.059375
1 0.24765625 0.39921875 0.0734375 0.11484375
1 0.09609375 0.48359375 0.06328125 0.1296875
1 0.27265625 0.57578125 0.0859375 0.121875
1 0.07265625 0.69375 0.1015625 0.08671875
1 0.02109375 0.528125 0.0421875 0.13828125
1 0.5203125 0.55859375 0.03984375 0.13359375
1 0.60625 0.47734375 0.0671875 0.1453125
1 0.54140625 0.63125 0.05390625 0.1203125
1 0.4453125 0.62421875 0.09921875 0.07265625
1 0.4203125 0.49921875 0.06484375 0.11484375
1 0.475 0.525 0.03984375 0.12734375
1 0.55078125 0.4546875 0.0828125 0.075
1 0.896875 0.58828125 0.05 0.13046875
0 0.6328125 0.5703125 0.10625 0.11953125
1 0.46796875 0.67890625 0.10234375 0.06796875
1 0.23203125 0.7171875 0.05546875 0.11875