0 0.57890625 0.2609375 0.0796875 0.1578125
0 0.43671875 0.65 0.071875 0.15546875
0 0.125 0.6953125 0.1140625 0.10546875
0 0.92578125 0.33125 0.10546875 0.134375
1 0.8359375 0.27265625 0.08359375 0.14453125
1 0.69765625 0.33515625 0.07890625 0.15859375
1 0.7796875 0.396875 0.0703125 0.16640625
0 0.7734375 0.53671875 0.08515625 0.14375
1 0.78828125 0.66484375 0.0984375 0.08671875
1 0.6515625 0.603125 0.05546875 0.13125
1 0.5765625 0.63671875 0.0484375 0.14296875
1 0.5859375 0.51953125 0.0625 0.1390625
0 0.41171875 0.5171875 0.11796875 0.0796875
1 0.3375 0.44140625 0.11171875 0.084375
1 0.28359375 0.59765625 0.0875 0.12578125
1 0.34140625 0.6453125 0.1046875 0.084375
1 0.16796875 0.58359375 0.11171875 0.08515625
1 0.07890625 0.61328125 0.1046875 0.0875
1 0.215625 0.69921875 0.109375 0.1171875
1 0.93203125 0.5046875 0.06015625 0.175
0 0.51953125 0.73359375 0.05625 0.1359375
1 0.5453125 0.79140625 0.0765625 0.11328125
0 0.94296875 0.75390625 0.1140625 0.09609375
1 0.66484375 0.74609375 0.05625 0.13203125