0 0.74765625 0.4484375 0.06953125 0.1625
0 0.4421875 0.43046875 0.12265625 0.1078125
0 0.34296875 0.34453125 0.1109375 0.1421875
0 0.228125 0.4515625 0.0546875 0.15234375
0 0.16953125 0.31484375 0.11796875 0.12265625
1 0.2890625 0.11875 0.10625 0.07734375
1 0.60078125 0.53984375 0.06796875 0.13125
1 0.54375 0.5609375 0.059375 0.1484375
1 0.4109375 0.61640625 0.0515625 0.14609375
1 0.16640625 0.53515625 0.0671875 0.13828125
1 0.859375 0.5296875 0.1046875 0.10390625
1 0.77890625 0.5890625 0.06015625 0.13046875
0 0.69140625 0.61796875 0.10625 0.1453125
1 0.3515625 0.62578125 0.0734375 0.096875
1 0.9078125 0.6578125 0.08125 0.11640625
1 0.4875 0.57734375 0.09375 0.1015625
1 0.6203125 0.66953125 0.0734375 0.140625
1 0.284375 0.33671875 0.06796875 0.1328125
1 0.24609375 0.6234375 0.08515625 0.1796875
1 0.10625 0.6875 0.0984375 0.0890625
1 0.3328125 0.77734375 0.096875 0.08515625
1 0.03828125 0.69453125 0.0765625 0.10859375
1 0.1765625 0.68359375 0.0515625 0.128125
1 0.54375 0.68984375 0.08984375 0.1046875