0 0.79453125 0.31484375 0.08125 0.1671875
0 0.775 0.56328125 0.10859375 0.13671875
0 0.484375 0.7578125 0.075 0.13515625
1 0.88984375 0.1296875 0.09140625 0.0875
1 0.93125 0.20078125 0.10859375 0.07578125
1 0.9609375 0.31640625 0.06171875 0.13125
1 0.57265625 0.4484375 0.1140625 0.08359375
1 0.10546875 0.40703125 0.1140625 0.08359375
1 0.07265625 0.3078125 0.096875 0.0984375
1 0.190625 0.6640625 0.07109375 0.14375
1 0.10703125 0.6328125 0.06328125 0.13515625
1 0.46328125 0.625 0.07265625 0.1203125
1 0.40625 0.66640625 0.05625 0.14296875
1 0.334375 0.62109375 0.11015625 0.0953125
1 0.31953125 0.696875 0.08671875 0.10703125
1 0.72734375 0.30078125 0.10703125 0.0875
1 0.89921875 0.53671875 0.08515625 0.08984375
1 0.89296875 0.65 0.09453125 0.09609375
1 0.70859375 0.68125 0.10390625 0.0703125
0 0.596875 0.715625 0.0875 0.11328125