0 0.20546875 0.31484375 0.08125 0.1671875
0 0.225 0.56328125 0.10859375 0.13671875
0 0.515625 0.7578125 0.075 0.13515625
1 0.11015625 0.1296875 0.09140625 0.0875
1 0.06875 0.20078125 0.10859375 0.07578125
1 0.0390625 0.31640625 0.06171875 0.13125
1 0.42734375 0.4484375 0.1140625 0.08359375
1 0.89453125 0.40703125 0.1140625 0.08359375
1 0.92734375 0.3078125 0.096875 0.0984375
1 0.809375 0.6640625 0.07109375 0.14375
1 0.89296875 0.6328125 0.06328125 0.13515625
1 0.53671875 0.625 0.07265625 0.1203125
1 0.59375 0.66640625 0.05625 0.14296875
1 0.665625 0.62109375 0.11015625 0.0953125
1 0.68046875 0.696875 0.08671875 0.10703125
1 0.27265625 0.30078125 0.10703125 0.0875
1 0.10078125 0.53671875 0.08515625 0.08984375
1 0.10703125 0.65 0.09453125 0.09609375
1 0.29140625 0.68125 0.10390625 0.0703125
0 0.403125 0.715625 0.0875 0.11328125