0 0.11796875 0.3359375 0.12265625 0.10859375
0 0.43671875 0.31328125 0.07890625 0.1546875
0 0.61328125 0.50703125 0.05703125 0.15546875
0 0.10703125 0.6734375 0.06171875 0.16640625
0 0.11875 0.2171875 0.05625 0.1421875
1 0.21875 0.2109375 0.08984375 0.12109375
1 0.5015625 0.18359375 0.0375 0.12890625
1 0.48125 0.22890625 0.08671875 0.10234375
1 0.546875 0.396875 0.0484375 0.13671875
1 0.659375 0.45078125 0.059375 0.1421875
1 0.41953125 0.434375 0.10078125 0.0921875
1 0.31484375 0.54609375 0.08203125 0.1078125
1 0.3796875 0.59453125 0.0546875 0.11953125
1 0.5015625 0.6015625 0.04921875 0.12734375
1 0.5828125 0.69375 0.09140625 0.090625
1 0.8375 0.6828125 0.04609375 0.128125
1 0.965625 0.26640625 0.06875 0.09453125
1 0.225 0.628125 0.0671875 0.11796875
1 0.2921875 0.66015625 0.04453125 0.11953125
1 0.2359375 0.71484375 0.09296875 0.05859375