0 0.3890625 0.37265625 0.10703125 0.121875
0 0.82421875 0.3484375 0.09453125 0.13359375
0 0.2546875 0.51953125 0.1125 0.14765625
0 0.484375 0.14375 0.0609375 0.16953125
1 0.715625 0.3609375 0.1109375 0.0625
1 0.93125 0.57265625 0.07421875 0.115625
1 0.53203125 0.48359375 0.05390625 0.13671875
1 0.509375 0.60390625 0.09765625 0.0953125
1 0.478125 0.4609375 0.0609375 0.1421875
1 0.40390625 0.46328125 0.08359375 0.1125
1 0.3421875 0.54921875 0.09921875 0.06484375
1 0.29375 0.6125 0.103125 0.07109375
1 0.14453125 0.66484375 0.0796875 0.1171875
1 0.128125 0.578125 0.0625 0.1265625
1 0.0953125 0.546875 0.06484375 0.14296875
1 0.3296875 0.31484375 0.09296875 0.08359375
1 0.1109375 0.16953125 0.10859375 0.08203125
1 0.0296875 0.25 0.05390625 0.1296875
1 0.03203125 0.38671875 0.0640625 0.1359375
1 0.54375 0.03671875 0.09375 0.0734375
1 0.65703125 0.66171875 0.05625 0.13984375
1 0.7875 0.6125 0.0671875 0.125
1 0.85078125 0.60078125 0.07265625 0.10546875
1 0.39921875 0.68359375 0.08515625 0.09609375
1 0.31484375 0.696875 0.0734375 0.11953125
1 0.2109375 0.37421875 0.1375 0.12578125