0 0.384375 0.0875 0.090625 0.175
0 0.190625 0.50703125 0.0875 0.14609375
0 0.39375 0.6390625 0.10625 0.115625
0 0.08828125 0.68671875 0.12265625 0.09375
1 0.084375 0.5125 0.08359375 0.0859375
1 0.24921875 0.4296875 0.0703125 0.14140625
1 0.43671875 0.57265625 0.06640625 0.11875
1 0.79453125 0.5046875 0.05078125 0.14921875
1 0.85 0.63359375 0.04375 0.15390625
1 0.484375 0.09375 0.10703125 0.06328125
1 0.82734375 0.1078125 0.09140625 0.0890625
1 0.13203125 0.13203125 0.0953125 0.0703125
1 0.2703125 0.6515625 0.090625 0.14296875