0 0.57421875 0.60078125 0.09765625 0.13828125
0 0.5078125 0.7703125 0.12421875 0.09375
0 0.0609375 0.6078125 0.109375 0.11875
0 0.4328125 0.421875 0.05234375 0.16015625
1 0.1390625 0.36484375 0.10859375 0.0875
1 0.228125 0.27421875 0.05 0.13125
1 0.26875 0.3765625 0.10234375 0.06015625
1 0.31328125 0.42578125 0.07578125 0.1078125
1 0.25390625 0.5234375 0.06953125 0.1125
1 0.35703125 0.490625 0.04453125 0.13515625
1 0.38046875 0.6078125 0.08359375 0.12265625
1 0.51484375 0.42578125 0.10390625 0.09453125
1 0.596875 0.09921875 0.059375 0.13125
1 0.74453125 0.22421875 0.0546875 0.13515625
1 0.69140625 0.33203125 0.0703125 0.12421875
1 0.8109375 0.38671875 0.08984375 0.09765625
1 0.87421875 0.45078125 0.115625 0.06484375
1 0.8875 0.35234375 0.0890625 0.125
1 0.95546875 0.43046875 0.06015625 0.13671875
1 0.89921875 0.609375 0.0546875 0.128125
1 0.70546875 0.59765625 0.07265625 0.13203125
1 0.84921875 0.71796875 0.05390625 0.13828125
1 0.05703125 0.7171875 0.05234375 0.1171875
1 0.4984375 0.575 0.07734375 0.10703125
1 0.8859375 0.81484375 0.11875 0.071875