0 0.32421875 0.70703125 0.1296875 0.10703125
0 0.52734375 0.59375 0.07578125 0.1546875
0 0.553125 0.41015625 0.0609375 0.1671875
0 0.60390625 0.61484375 0.0640625 0.16640625
1 0.5078125 0.2234375 0.0703125 0.1296875
1 0.4734375 0.3484375 0.06640625 0.11640625
1 0.33203125 0.43984375 0.1078125 0.07578125
1 0.446875 0.4640625 0.07734375 0.0890625
1 0.4046875 0.56796875 0.09140625 0.09453125
1 0.35234375 0.51953125 0.10546875 0.10234375
1 0.2546875 0.47265625 0.05390625 0.15546875
1 0.09609375 0.59375 0.0953125 0.103125
1 0.07421875 0.73203125 0.05703125 0.13359375
1 0.7921875 0.56796875 0.10390625 0.06484375
1 0.89765625 0.5421875 0.0875 0.1
1 0.953125 0.65234375 0.0609375 0.13046875
1 0.78671875 0.078125 0.10078125 0.0828125
1 0.5609375 0.05078125 0.096875 0.0953125
1 0.66640625 0.53203125 0.04609375 0.14453125
1 0.728125 0.484375 0.05 0.12578125
1 0.8359375 0.6375 0.1015625 0.075
1 0.753125 0.70625 0.0625 0.134375
1 0.70234375 0.66796875 0.04921875 0.13203125