0 0.56875 0.63046875 0.11171875 0.08984375
0 0.75390625 0.40546875 0.0890625 0.15234375
0 0.88203125 0.25546875 0.06015625 0.15234375
0 0.24765625 0.5046875 0.06015625 0.1875
0 0.053125 0.45 0.10625 0.0796875
1 0.13125 0.29140625 0.10625 0.0796875
1 0.30703125 0.35703125 0.1046875 0.08359375
1 0.95234375 0.2609375 0.07890625 0.1046875
1 0.64296875 0.4859375 0.05703125 0.125
1 0.5484375 0.5140625 0.09921875 0.07734375
1 0.6640625 0.57734375 0.0921875 0.06015625
1 0.778125 0.6421875 0.05 0.1328125
1 0.8546875 0.55859375 0.09609375 0.07421875
1 0.40234375 0.61015625 0.03828125 0.14375
1 0.34453125 0.65859375 0.04609375 0.13671875
1 0.02890625 0.140625 0.0578125 0.08671875
1 0.94921875 0.075 0.06796875 0.13359375
1 0.9328125 0.63046875 0.11015625 0.06953125
1 0.7265625 0.7328125 0.07265625 0.11484375