0 0.8609375 0.2109375 0.065625 0.1625
0 0.6328125 0.29296875 0.09375 0.1515625
0 0.6390625 0.18984375 0.0953125 0.11640625
0 0.4953125 0.4234375 0.09921875 0.1875
0 0.7359375 0.471875 0.07109375 0.1671875
0 0.721875 0.690625 0.07890625 0.11328125
0 0.5578125 0.73203125 0.128125 0.07734375
1 0.83046875 0.6203125 0.05703125 0.1265625
1 0.87109375 0.70859375 0.046875 0.1296875
1 0.93203125 0.69453125 0.09375 0.0953125
1 0.975 0.646875 0.05 0.1390625
1 0.51015625 0.61015625 0.07421875 0.1296875
1 0.6484375 0.59765625 0.11640625 0.065625
1 0.39296875 0.471875 0.05703125 0.13671875
1 0.21640625 0.45234375 0.0765625 0.1078125
1 0.15 0.484375 0.08515625 0.0984375
1 0.27734375 0.5875 0.09453125 0.08828125
1 0.23671875 0.6640625 0.04921875 0.1515625
1 0.0640625 0.759375 0.090625 0.06484375
1 0.78828125 0.12265625 0.08359375 0.109375
1 0.88515625 0.05859375 0.04765625 0.1171875
1 0.46953125 0.15625 0.103125 0.07578125
1 0.07421875 0.11796875 0.05546875 0.13125
1 0.20390625 0.740625 0.0640625 0.12578125