0 0.49375 0.31953125 0.05625 0.16875
0 0.65625 0.6171875 0.0609375 0.17890625
0 0.57890625 0.60859375 0.08125 0.16328125
0 0.565625 0.48828125 0.1125 0.08359375
0 0.171875 0.30078125 0.08984375 0.1375
0 0.19609375 0.159375 0.09453125 0.13828125
0 0.36796875 0.51796875 0.11953125 0.11796875
0 0.3 0.63671875 0.07265625 0.16015625
1 0.76484375 0.46484375 0.06015625 0.1328125
1 0.85078125 0.39453125 0.1015625 0.08046875
1 0.3625 0.63515625 0.07890625 0.1171875
1 0.46328125 0.6609375 0.04453125 0.1453125
1 0.22578125 0.4421875 0.06953125 0.12421875
1 0.1 0.22109375 0.06328125 0.128125
1 0.0359375 0.60234375 0.04765625 0.11953125
1 0.228125 0.71015625 0.0984375 0.0796875
0 0.77421875 0.69375 0.09609375 0.14296875
0 0.80546875 0.63046875 0.08515625 0.15703125