0 0.4796875 0.61484375 0.0765625 0.16171875
0 0.94140625 0.346875 0.06015625 0.15625
0 0.87421875 0.2359375 0.1296875 0.1125
0 0.8046875 0.40703125 0.103125 0.12578125
0 0.6734375 0.30703125 0.1015625 0.12578125
0 0.5796875 0.06171875 0.07890625 0.1234375
0 0.62109375 0.6921875 0.1015625 0.12421875
0 0.3859375 0.65234375 0.078125 0.14921875
1 0.740625 0.071875 0.09609375 0.0734375
1 0.5375 0.17734375 0.053125 0.125
1 0.49609375 0.384375 0.09453125 0.065625
1 0.8328125 0.50625 0.04765625 0.13515625
1 0.7359375 0.66875 0.09609375 0.09296875
1 0.53671875 0.56015625 0.04453125 0.1234375
1 0.2734375 0.7125 0.04609375 0.12890625
1 0.19375 0.71796875 0.04609375 0.13125
1 0.078125 0.63046875 0.05234375 0.15234375
1 0.0984375 0.77421875 0.0984375 0.05703125
1 0.60703125 0.78671875 0.11484375 0.05625
1 0.88671875 0.7296875 0.05703125 0.10078125
1 0.81015625 0.73046875 0.06015625 0.09296875
1 0.55 0.65234375 0.0921875 0.0953125
1 0.0453125 0.70859375 0.090625 0.0703125