0 0.5203125 0.61484375 0.0765625 0.16171875
0 0.05859375 0.346875 0.06015625 0.15625
0 0.12578125 0.2359375 0.1296875 0.1125
0 0.1953125 0.40703125 0.103125 0.12578125
0 0.3265625 0.30703125 0.1015625 0.12578125
0 0.4203125 0.06171875 0.07890625 0.1234375
0 0.37890625 0.6921875 0.1015625 0.12421875
0 0.6140625 0.65234375 0.078125 0.14921875
1 0.259375 0.071875 0.09609375 0.0734375
1 0.4625 0.17734375 0.053125 0.125
1 0.50390625 0.384375 0.09453125 0.065625
1 0.1671875 0.50625 0.04765625 0.13515625
1 0.2640625 0.66875 0.09609375 0.09296875
1 0.46328125 0.56015625 0.04453125 0.1234375
1 0.7265625 0.7125 0.04609375 0.12890625
1 0.80625 0.71796875 0.04609375 0.13125
1 0.921875 0.63046875 0.05234375 0.15234375
1 0.9015625 0.77421875 0.0984375 0.05703125
1 0.39296875 0.78671875 0.11484375 0.05625
1 0.11328125 0.7296875 0.05703125 0.10078125
1 0.18984375 0.73046875 0.06015625 0.09296875
1 0.45 0.65234375 0.0921875 0.0953125
1 0.9546875 0.70859375 0.090625 0.0703125