0 0.5140625 0.68984375 0.11796875 0.1125
1 0.49296875 0.4140625 0.10078125 0.10625
1 0.4796875 0.15859375 0.04921875 0.13671875
1 0.7515625 0.215625 0.11171875 0.07421875
1 0.715625 0.44140625 0.075 0.12265625
1 0.159375 0.4234375 0.10546875 0.10390625
1 0.0796875 0.340625 0.059375 0.15390625
1 0.328125 0.5609375 0.0484375 0.12890625
1 0.32578125 0.65859375 0.10078125 0.08671875
1 0.44296875 0.68359375 0.06640625 0.1296875
1 0.6765625 0.7125 0.0625 0.12109375
1 0.77109375 0.77578125 0.09453125 0.078125
1 0.875 0.78203125 0.090625 0.07421875
1 0.8578125 0.7140625 0.09296875 0.065625
1 0.84765625 0.62734375 0.05859375 0.125
1 0.06796875 0.64375 0.08359375 0.10078125
1 0.39140625 0.47109375 0.06640625 0.12109375
1 0.32265625 0.45546875 0.06953125 0.11328125
1 0.40234375 0.64375 0.04140625 0.1234375
1 0.55625 0.7625 0.04921875 0.103125