0 0.84375 0.33359375 0.08125 0.15390625
0 0.65234375 0.39765625 0.0734375 0.1484375
0 0.54765625 0.4109375 0.05390625 0.15859375
0 0.39140625 0.671875 0.07890625 0.153125
0 0.715625 0.640625 0.07109375 0.1484375
0 0.8578125 0.75625 0.1203125 0.07578125
1 0.78515625 0.57109375 0.06015625 0.1453125
1 0.625 0.303125 0.04375 0.1234375
1 0.57109375 0.20625 0.04453125 0.14453125
1 0.49375 0.240625 0.06328125 0.11875
1 0.259375 0.35546875 0.075 0.09765625
1 0.1578125 0.46171875 0.10546875 0.06953125
1 0.24375 0.5625 0.05625 0.13828125
1 0.16875 0.5421875 0.11015625 0.09140625
1 0.175 0.63828125 0.05234375 0.1234375
1 0.103125 0.65078125 0.0875 0.06171875
1 0.45234375 0.60390625 0.09453125 0.0859375
1 0.5796875 0.61953125 0.04921875 0.134375
1 0.565625 0.4953125 0.05 0.1265625
1 0.490625 0.69375 0.05859375 0.1125
1 0.828125 0.12109375 0.075 0.125
1 0.959375 0.2515625 0.08125 0.06875
1 0.334375 0.06953125 0.09609375 0.06953125
1 0.81796875 0.69609375 0.07578125 0.0953125
1 0.64609375 0.69296875 0.05546875 0.11796875
1 0.2515625 0.6765625 0.08671875 0.0890625
1 0.1984375 0.14296875 0.090625 0.10625