0 0.22109375 0.665625 0.06484375 0.1703125
0 0.11796875 0.41796875 0.07890625 0.14453125
1 0.16171875 0.2640625 0.07109375 0.13515625
1 0.1796875 0.14921875 0.08671875 0.11875
1 0.2640625 0.08984375 0.08828125 0.1
1 0.434375 0.16015625 0.0515625 0.12265625
1 0.48984375 0.05703125 0.0984375 0.06640625
1 0.45625 0.3109375 0.09609375 0.0578125
1 0.746875 0.32578125 0.075 0.1203125
1 0.6828125 0.43203125 0.0625 0.140625
1 0.56328125 0.5 0.0421875 0.1390625
1 0.47734375 0.428125 0.0890625 0.06953125
1 0.39453125 0.5140625 0.0453125 0.13125
1 0.30625 0.45703125 0.09921875 0.06640625
1 0.06640625 0.50546875 0.1140625 0.08125
1 0.4921875 0.64921875 0.10234375 0.08515625
1 0.87890625 0.58828125 0.06328125 0.1328125
1 0.6875 0.5484375 0.065625 0.11328125
1 0.6390625 0.56171875 0.078125 0.1140625
1 0.70546875 0.65859375 0.1078125 0.0796875
1 0.49375 0.50078125 0.08984375 0.09140625