0 0.5140625 0.678125 0.08359375 0.1359375
0 0.50078125 0.27421875 0.06953125 0.159375
0 0.165625 0.215625 0.08984375 0.1515625
0 0.225 0.48671875 0.06875 0.1640625
0 0.31796875 0.55078125 0.08359375 0.1375
1 0.33515625 0.40625 0.0484375 0.13828125
1 0.390625 0.51953125 0.08203125 0.0953125
1 0.69140625 0.51328125 0.08828125 0.11015625
1 0.64921875 0.61484375 0.0984375 0.08359375
1 0.78359375 0.62578125 0.09765625 0.12578125
1 0.875 0.58515625 0.07578125 0.13671875
1 0.8609375 0.471875 0.09375 0.0890625
1 0.89765625 0.3796875 0.0828125 0.1171875
1 0.11328125 0.08671875 0.090625 0.06015625
1 0.18671875 0.1015625 0.06484375 0.103125
1 0.11875 0.29375 0.06484375 0.13671875
1 0.06640625 0.32265625 0.05078125 0.128125
1 0.23359375 0.6796875 0.04765625 0.134375
1 0.7328125 0.67421875 0.07109375 0.12578125
1 0.95 0.625 0.053125 0.15390625
1 0.9625 0.50625 0.075 0.0875