0 0.2 0.65 0.10859375 0.15703125
0 0.109375 0.184375 0.075 0.17578125
1 0.04921875 0.45 0.0984375 0.1109375
1 0.92734375 0.2296875 0.053125 0.1875
1 0.659375 0.23671875 0.075 0.11953125
1 0.4515625 0.0859375 0.10234375 0.09140625
1 0.1 0.034375 0.09921875 0.06875
1 0.20703125 0.47890625 0.0671875 0.134375
1 0.45 0.57421875 0.07578125 0.11484375
1 0.53828125 0.475 0.04140625 0.12265625
1 0.4703125 0.43359375 0.09765625 0.1
1 0.34140625 0.578125 0.0984375 0.09765625
1 0.93828125 0.496875 0.04609375 0.15078125
1 0.946875 0.61640625 0.0734375 0.13515625
1 0.59921875 0.65625 0.0671875 0.13203125
1 0.34375 0.703125 0.10625 0.115625