0 0.646875 0.5625 0.09296875 0.1546875
0 0.48828125 0.56953125 0.12578125 0.11796875
0 0.584375 0.73046875 0.125 0.08671875
0 0.1875 0.72890625 0.11875 0.134375
1 0.1890625 0.6 0.11953125 0.09375
1 0.57578125 0.378125 0.0828125 0.0953125
1 0.49296875 0.334375 0.05703125 0.13515625
1 0.3953125 0.48203125 0.04453125 0.1390625
1 0.2828125 0.22109375 0.084375 0.11171875
1 0.10078125 0.240625 0.090625 0.15546875
1 0.15546875 0.525 0.08828125 0.10390625
1 0.08984375 0.5609375 0.0609375 0.1375
1 0.09921875 0.70390625 0.0578125 0.146875
1 0.4953125 0.69453125 0.09375 0.08203125
1 0.7140625 0.475 0.046875 0.13671875
1 0.7671875 0.496875 0.07109375 0.096875
1 0.91171875 0.58046875 0.06171875 0.1359375
1 0.94921875 0.465625 0.07421875 0.1296875
1 0.95078125 0.0765625 0.05859375 0.12265625
1 0.5203125 0.0609375 0.06015625 0.12109375
1 0.58671875 0.0421875 0.0796875 0.084375
1 0.63515625 0.32109375 0.0765625 0.10859375
1 0.846875 0.565625 0.05 0.12734375
1 0.79296875 0.5671875 0.06796875 0.12421875
1 0.71796875 0.625 0.05546875 0.14296875
1 0.025 0.4890625 0.05 0.12265625
0 0.0421875 0.6390625 0.084375 0.14140625