0 0.13046875 0.51328125 0.11015625 0.103125
0 0.1046875 0.13671875 0.08046875 0.15625
0 0.51640625 0.5734375 0.08359375 0.15390625
0 0.296875 0.525 0.06796875 0.1609375
0 0.859375 0.54765625 0.1375 0.0859375
0 0.12109375 0.634375 0.11484375 0.13203125
0 0.29296875 0.75703125 0.07890625 0.1296875
1 0.025 0.2578125 0.04375 0.11875
1 0.2171875 0.15234375 0.053125 0.14140625
1 0.21015625 0.4515625 0.04921875 0.15703125
1 0.4265625 0.62890625 0.075 0.11171875
1 0.365625 0.7 0.0625 0.10703125
1 0.86171875 0.6578125 0.05390625 0.11875
1 0.9625 0.39921875 0.07421875 0.11875
1 0.78515625 0.715625 0.0984375 0.09296875
1 0.88515625 0.74375 0.08046875 0.103125
1 0.56328125 0.8421875 0.05703125 0.1203125
1 0.13671875 0.79765625 0.11171875 0.084375
0 0.06328125 0.37265625 0.1265625 0.10546875
0 0.47265625 0.7578125 0.08828125 0.11875
0 0.02890625 0.60546875 0.05703125 0.14296875
1 0.97265625 0.6703125 0.0546875 0.1265625