1 0.240625 0.35078125 0.09921875 0.090625
1 0.53828125 0.13828125 0.08125 0.1484375
1 0.5984375 0.0796875 0.05625 0.14375
1 0.7625 0.3578125 0.05546875 0.14375
1 0.93125 0.36796875 0.059375 0.14453125
1 0.76328125 0.6515625 0.08515625 0.10390625
1 0.365625 0.4640625 0.11015625 0.0984375
1 0.44453125 0.53671875 0.09375 0.08203125
1 0.52109375 0.48359375 0.0609375 0.1234375
1 0.65859375 0.49296875 0.0984375 0.1
0 0.2921875 0.65078125 0.06796875 0.14765625
1 0.21015625 0.67109375 0.09453125 0.11640625
1 0.06953125 0.63515625 0.05390625 0.14296875
1 0.5609375 0.6234375 0.08828125 0.11328125
1 0.54765625 0.55234375 0.0703125 0.11640625
1 0.690625 0.596875 0.075 0.1109375
1 0.62265625 0.62890625 0.0515625 0.134375
1 0.11484375 0.6984375 0.08828125 0.0875
1 0.59296875 0.73828125 0.05703125 0.12109375
1 0.4796875 0.784375 0.09609375 0.06015625
1 0.65859375 0.79296875 0.10703125 0.0921875
1 0.06328125 0.76796875 0.10625 0.07734375
1 0.18828125 0.7671875 0.09140625 0.0703125
1 0.43984375 0.09765625 0.05703125 0.1484375