0 0.171875 0.66484375 0.11484375 0.1171875
0 0.57109375 0.66484375 0.0765625 0.16015625
1 0.778125 0.26875 0.0875 0.134375
1 0.10234375 0.5484375 0.1 0.0796875
1 0.23515625 0.43203125 0.10703125 0.10546875
1 0.315625 0.32109375 0.08359375 0.1078125
1 0.32265625 0.45 0.0640625 0.13359375
1 0.38984375 0.4453125 0.05859375 0.1265625
1 0.4859375 0.440625 0.0828125 0.12265625
1 0.67109375 0.65 0.08515625 0.09609375
1 0.91484375 0.521875 0.1015625 0.08671875
1 0.89765625 0.63828125 0.10078125 0.10078125
1 0.24921875 0.709375 0.04921875 0.15546875
1 0.33046875 0.65 0.09140625 0.10390625
1 0.20078125 0.5828125 0.08203125 0.0984375
1 0.2625 0.52109375 0.09375 0.07890625
1 0.50546875 0.66875 0.0703125 0.10703125
1 0.08359375 0.7078125 0.0890625 0.08515625
1 0.78984375 0.7359375 0.08984375 0.071875