0 0.93671875 0.58984375 0.11015625 0.11171875
0 0.66875 0.10078125 0.07109375 0.15859375
0 0.4890625 0.290625 0.12734375 0.06484375
0 0.6640625 0.475 0.09921875 0.12421875
0 0.89453125 0.671875 0.11640625 0.06953125
0 0.46875 0.73125 0.06171875 0.16796875
1 0.2765625 0.23203125 0.08984375 0.1
1 0.4546875 0.35859375 0.1 0.08359375
1 0.48125 0.14765625 0.0421875 0.11875
1 0.86875 0.30234375 0.08359375 0.075
1 0.90859375 0.17578125 0.10078125 0.071875
1 0.9578125 0.39375 0.084375 0.07890625
1 0.66171875 0.65859375 0.0921875 0.08671875
1 0.5984375 0.56796875 0.046875 0.13828125
1 0.54140625 0.60703125 0.0484375 0.140625
1 0.46171875 0.5421875 0.07734375 0.11015625
1 0.403125 0.6359375 0.05 0.14140625
1 0.30859375 0.63125 0.0984375 0.07421875
1 0.1875 0.621875 0.04921875 0.15078125
1 0.115625 0.64765625 0.05546875 0.13125
1 0.0671875 0.53203125 0.096875 0.08359375
1 0.1546875 0.45 0.11171875 0.07734375
1 0.80078125 0.7078125 0.06328125 0.11875
1 0.2234375 0.6578125 0.05859375 0.13515625
1 0.04375 0.125 0.0875 0.07265625