0 0.0328125 0.59609375 0.065625 0.1546875
0 0.12890625 0.646875 0.071875 0.1671875
0 0.26171875 0.5078125 0.14140625 0.08515625
0 0.20234375 0.3828125 0.1140625 0.1015625
0 0.8328125 0.5890625 0.103125 0.1390625
0 0.484375 0.64140625 0.1234375 0.10078125
1 0.2484375 0.278125 0.1078125 0.084375
1 0.3953125 0.0703125 0.1015625 0.08984375
1 0.471875 0.2640625 0.125 0.07265625
1 0.46875 0.3890625 0.08671875 0.1015625
1 0.57109375 0.44296875 0.09921875 0.071875
1 0.74296875 0.25703125 0.04609375 0.140625
1 0.8078125 0.3765625 0.0625 0.1359375
1 0.696875 0.52109375 0.06796875 0.125
1 0.52578125 0.5421875 0.06953125 0.12578125
1 0.13359375 0.07578125 0.075 0.11171875
1 0.7171875 0.6765625 0.059375 0.11875
1 0.9265625 0.63984375 0.053125 0.15
1 0.3375 0.60546875 0.08125 0.103125
1 0.4515625 0.5421875 0.0984375 0.0765625
1 0.59453125 0.54765625 0.0953125 0.09765625
1 0.63515625 0.3484375 0.10078125 0.0796875
1 0.5953125 0.27734375 0.0828125 0.0828125