0 0.959375 0.3484375 0.0734375 0.1671875
1 0.85546875 0.33671875 0.1046875 0.0734375
1 0.78359375 0.3953125 0.065625 0.13984375
1 0.66953125 0.28515625 0.10078125 0.06328125
1 0.6109375 0.4171875 0.053125 0.1421875
1 0.67890625 0.4140625 0.07265625 0.1109375
1 0.65703125 0.525 0.04921875 0.1296875
1 0.715625 0.58828125 0.1 0.084375
1 0.83125 0.5703125 0.10625 0.08046875
1 0.9140625 0.61015625 0.05234375 0.1109375
1 0.9109375 0.72265625 0.06796875 0.1140625
1 0.63828125 0.7265625 0.07890625 0.11484375
1 0.26328125 0.62578125 0.06328125 0.13828125
1 0.1296875 0.51875 0.08359375 0.10078125
1 0.09296875 0.6 0.06953125 0.1296875
1 0.40390625 0.3796875 0.0859375 0.1046875
1 0.2796875 0.74921875 0.04609375 0.1484375
1 0.315625 0.73515625 0.03984375 0.140625
1 0.55234375 0.296875 0.06875 0.23359375