0 0.03359375 0.47890625 0.06640625 0.16484375
0 0.3921875 0.33203125 0.096875 0.1390625
0 0.45234375 0.53671875 0.05390625 0.16015625
0 0.27734375 0.66171875 0.06015625 0.1640625
0 0.62421875 0.615625 0.11640625 0.08125
0 0.65859375 0.7375 0.08359375 0.1546875
0 0.07734375 0.72421875 0.10390625 0.1515625
1 0.17265625 0.7046875 0.05078125 0.125
1 0.20703125 0.65859375 0.084375 0.11640625
1 0.21171875 0.56484375 0.06640625 0.12421875
1 0.365625 0.67578125 0.06796875 0.11171875
1 0.5015625 0.7546875 0.0515625 0.134375
1 0.48125 0.63203125 0.06875 0.1203125
1 0.55546875 0.59296875 0.0921875 0.09375
1 0.70703125 0.5484375 0.11015625 0.0671875
1 0.7359375 0.6203125 0.09765625 0.05625
1 0.828125 0.5765625 0.053125 0.14375
1 0.87734375 0.45390625 0.06953125 0.11953125
1 0.76953125 0.42421875 0.10078125 0.12578125
1 0.71875 0.453125 0.053125 0.12109375
1 0.721875 0.1515625 0.08984375 0.13671875
1 0.46640625 0.27578125 0.10078125 0.071875
1 0.41875 0.14921875 0.053125 0.11875
1 0.925 0.76796875 0.0890625 0.1015625
1 0.32109375 0.78828125 0.0953125 0.06328125