0 0.47578125 0.4046875 0.0578125 0.1625
1 0.90078125 0.62578125 0.04140625 0.15546875
1 0.85703125 0.66484375 0.06875 0.1296875
1 0.746875 0.525 0.10859375 0.0671875
1 0.8171875 0.4234375 0.05859375 0.1375
1 0.9015625 0.47734375 0.10234375 0.0953125
1 0.953125 0.3515625 0.0609375 0.1234375
1 0.6359375 0.6421875 0.04921875 0.15
1 0.55546875 0.58828125 0.0921875 0.084375
1 0.46875 0.58515625 0.04375 0.140625
1 0.51484375 0.70234375 0.07578125 0.11328125
1 0.36171875 0.603125 0.1015625 0.071875
1 0.3546875 0.51953125 0.09296875 0.1046875
1 0.19921875 0.6375 0.09765625 0.115625
1 0.2015625 0.74453125 0.06875 0.1078125
1 0.35078125 0.71015625 0.05078125 0.1265625
1 0.31015625 0.753125 0.06640625 0.11171875
1 0.4515625 0.753125 0.0578125 0.11796875
1 0.7578125 0.7390625 0.05546875 0.134375
1 0.5921875 0.68671875 0.04609375 0.14375