0 0.05703125 0.284375 0.08515625 0.13828125
0 0.3765625 0.53203125 0.125 0.08359375
0 0.32890625 0.7140625 0.134375 0.08203125
0 0.83046875 0.71875 0.10859375 0.159375
0 0.73359375 0.740625 0.1390625 0.09296875
0 0.72421875 0.66015625 0.07109375 0.1734375
0 0.3140625 0.3078125 0.07109375 0.1484375
0 0.14921875 0.06640625 0.0890625 0.1328125
1 0.0765625 0.07578125 0.08046875 0.0625
1 0.12890625 0.3890625 0.06328125 0.11796875
1 0.40625 0.346875 0.07734375 0.09921875
1 0.53203125 0.21875 0.05703125 0.1375
1 0.91171875 0.11328125 0.1 0.08984375
1 0.8515625 0.384375 0.04609375 0.13515625
1 0.89140625 0.496875 0.06796875 0.13671875
1 0.95859375 0.49921875 0.03828125 0.13828125
1 0.85234375 0.57265625 0.10390625 0.0984375
1 0.65234375 0.60625 0.0640625 0.1375
1 0.4640625 0.59453125 0.10546875 0.09140625
1 0.47734375 0.484375 0.0640625 0.121875
1 0.39140625 0.64140625 0.09140625 0.0609375
1 0.50703125 0.65078125 0.10546875 0.071875
1 0.12421875 0.55 0.078125 0.11640625
1 0.22578125 0.64453125 0.05078125 0.125
1 0.184375 0.70859375 0.05546875 0.140625
1 0.94921875 0.65625 0.090625 0.11171875
1 0.96171875 0.36875 0.0765625 0.10703125