1 0.50703125 0.15390625 0.071875 0.153125
1 0.60703125 0.35078125 0.1 0.0859375
1 0.83984375 0.3796875 0.07734375 0.12578125
1 0.5109375 0.60859375 0.0984375 0.121875
1 0.296875 0.65234375 0.1078125 0.08125
1 0.15390625 0.653125 0.09296875 0.090625
1 0.3984375 0.77578125 0.1140625 0.10859375
1 0.5671875 0.68203125 0.0671875 0.11171875
1 0.609375 0.60234375 0.09609375 0.125
1 0.753125 0.54453125 0.06171875 0.16953125
1 0.8078125 0.615625 0.08984375 0.1234375
1 0.91640625 0.646875 0.09609375 0.103125
1 0.7125 0.71328125 0.07734375 0.11484375
1 0.46875 0.74296875 0.06015625 0.1265625
1 0.653125 0.67109375 0.07734375 0.13125
1 0.8046875 0.834375 0.13203125 0.0671875
1 0.54453125 0.7921875 0.1046875 0.1
1 0.246875 0.77109375 0.10625 0.06640625
1 0.053125 0.78125 0.10625 0.065625
0 0.8328125 0.7359375 0.1015625 0.1296875
1 0.19765625 0.73671875 0.0609375 0.11015625
1 0.12890625 0.70703125 0.08046875 0.1