0 0.76015625 0.640625 0.07265625 0.16875
0 0.3796875 0.44765625 0.06796875 0.14765625
0 0.6046875 0.68203125 0.12421875 0.1
0 0.43125 0.5984375 0.12421875 0.0828125
0 0.24453125 0.67734375 0.07109375 0.16328125
1 0.4546875 0.4625 0.05546875 0.175
1 0.67265625 0.4796875 0.09453125 0.09140625
1 0.61640625 0.4390625 0.06640625 0.11484375
1 0.68828125 0.57421875 0.05625 0.13125
1 0.54375 0.60234375 0.10234375 0.0921875
1 0.43828125 0.6828125 0.0703125 0.1109375
1 0.3296875 0.625 0.0625 0.15
1 0.26015625 0.4046875 0.0984375 0.10078125
1 0.31015625 0.18046875 0.07265625 0.14296875
1 0.7109375 0.0703125 0.10078125 0.08203125
1 0.96640625 0.14140625 0.05234375 0.13671875
1 0.87578125 0.7359375 0.0953125 0.07890625
0 0.47578125 0.74921875 0.06640625 0.11484375