0 0.60078125 0.43828125 0.059375 0.16328125
0 0.31875 0.665625 0.0796875 0.17265625
0 0.32109375 0.50703125 0.09453125 0.159375
0 0.2875 0.32578125 0.10234375 0.13828125
0 0.41484375 0.07421875 0.1015625 0.13125
0 0.69296875 0.73828125 0.1328125 0.10703125
0 0.47890625 0.74140625 0.11953125 0.09609375
1 0.521875 0.54296875 0.059375 0.13125
1 0.390625 0.446875 0.0734375 0.1265625
1 0.7671875 0.57890625 0.06796875 0.16171875
1 0.9046875 0.45234375 0.08671875 0.0953125
1 0.965625 0.53828125 0.06875 0.08984375
1 0.90859375 0.61171875 0.0890625 0.1140625
1 0.85234375 0.6609375 0.05 0.13828125
1 0.33359375 0.13046875 0.05234375 0.13125
1 0.22890625 0.5578125 0.07578125 0.13125
1 0.140625 0.60234375 0.1 0.07890625
1 0.15390625 0.51328125 0.08671875 0.0875
0 0.17109375 0.71484375 0.09453125 0.15
1 0.77265625 0.72109375 0.07578125 0.09921875