0 0.67578125 0.4375 0.13671875 0.15859375
1 0.77421875 0.159375 0.0734375 0.1421875
1 0.80234375 0.25234375 0.1328125 0.090625
1 0.82578125 0.38671875 0.10234375 0.1484375
1 0.89140625 0.59296875 0.084375 0.128125
0 0.446875 0.35234375 0.0859375 0.15546875
0 0.4296875 0.46484375 0.11015625 0.1359375
1 0.32890625 0.5984375 0.1234375 0.11171875
1 0.3359375 0.4546875 0.078125 0.125
1 0.22734375 0.4953125 0.090625 0.13515625
1 0.31640625 0.9171875 0.17890625 0.11171875
0 0.67265625 0.55078125 0.125 0.08046875
1 0.13125 0.634375 0.11015625 0.08515625
1 0.3703125 0.7671875 0.07890625 0.096875
1 0.63515625 0.69140625 0.1046875 0.11484375
1 0.7671875 0.67578125 0.1015625 0.0921875
1 0.871875 0.69609375 0.07578125 0.08046875
1 0.6390625 0.89296875 0.14609375 0.11328125
1 0.73515625 0.84140625 0.1125 0.0875
0 0.17578125 0.81484375 0.1171875 0.15625
1 0.53828125 0.54921875 0.059375 0.121875
1 0.0390625 0.653125 0.07578125 0.14296875
1 0.1203125 0.70625 0.1296875 0.07578125
1 0.9265625 0.79140625 0.11953125 0.0890625
1 0.95234375 0.68671875 0.09453125 0.090625
1 0.5609375 0.66875 0.09453125 0.1203125
1 0.53046875 0.78515625 0.10703125 0.0875
1 0.7578125 0.78828125 0.1203125 0.0578125
1 0.45 0.5703125 0.07734375 0.13828125