0 0.95390625 0.57734375 0.07578125 0.15859375
0 0.8875 0.7015625 0.13125 0.10625
1 0.33359375 0.375 0.04765625 0.13671875
1 0.3765625 0.47578125 0.0765625 0.0921875
1 0.471875 0.471875 0.0625 0.13359375
1 0.52890625 0.59375 0.05703125 0.13671875
1 0.515625 0.678125 0.0609375 0.12734375
1 0.73671875 0.43359375 0.1046875 0.0875
1 0.84296875 0.32890625 0.0921875 0.08828125
1 0.93671875 0.334375 0.0703125 0.128125
1 0.04375 0.5109375 0.0578125 0.12109375
1 0.2328125 0.690625 0.065625 0.1296875
1 0.31484375 0.628125 0.06953125 0.1265625
1 0.4046875 0.54921875 0.09375 0.09453125
1 0.60390625 0.71015625 0.07890625 0.109375
1 0.76640625 0.65703125 0.1140625 0.07578125
1 0.8515625 0.56640625 0.09453125 0.1203125
1 0.8890625 0.77265625 0.10859375 0.06796875
1 0.28515625 0.2515625 0.071875 0.10703125
1 0.18828125 0.05234375 0.06953125 0.1046875