0 0.61328125 0.39453125 0.07578125 0.1453125
0 0.6875 0.46328125 0.06875 0.16328125
0 0.5296875 0.08671875 0.05 0.16015625
0 0.45234375 0.309375 0.06328125 0.15859375
0 0.35078125 0.60859375 0.0546875 0.15390625
0 0.31015625 0.74453125 0.12109375 0.115625
1 0.63203125 0.55546875 0.04765625 0.1390625
1 0.571875 0.5140625 0.05 0.12265625
1 0.55703125 0.65234375 0.06015625 0.125
1 0.5390625 0.40078125 0.0453125 0.13515625
1 0.4953125 0.39765625 0.05625 0.1140625
1 0.56015625 0.27734375 0.09453125 0.0953125
1 0.54453125 0.20703125 0.08984375 0.06328125
1 0.71328125 0.16015625 0.0546875 0.1734375
1 0.359375 0.0796875 0.059375 0.13359375
1 0.23515625 0.12578125 0.08515625 0.10859375
1 0.40078125 0.2421875 0.10078125 0.0828125
1 0.38359375 0.4671875 0.08828125 0.09609375
1 0.28046875 0.596875 0.04765625 0.14296875
1 0.21953125 0.4921875 0.06015625 0.1296875
1 0.16640625 0.51328125 0.04609375 0.146875
1 0.103125 0.68671875 0.10546875 0.05625
1 0.7765625 0.79453125 0.11015625 0.0578125