0 0.103125 0.19140625 0.1 0.1484375
0 0.49765625 0.12578125 0.06328125 0.1515625
0 0.34375 0.32578125 0.08359375 0.15859375
0 0.17890625 0.6703125 0.0609375 0.1640625
1 0.6015625 0.48359375 0.08671875 0.1203125
1 0.64296875 0.67734375 0.05078125 0.1421875
1 0.7171875 0.55625 0.06875 0.1203125
1 0.81640625 0.59296875 0.0984375 0.0640625
1 0.8078125 0.6703125 0.10078125 0.08984375
1 0.915625 0.5421875 0.05546875 0.12421875
1 0.9625 0.47109375 0.075 0.09140625
1 0.69296875 0.21875 0.09140625 0.0953125
1 0.56640625 0.06484375 0.07421875 0.1296875
1 0.315625 0.20703125 0.1125 0.0609375
1 0.1859375 0.290625 0.07578125 0.13125
1 0.12421875 0.37421875 0.07109375 0.13125
1 0.12578125 0.5234375 0.0578125 0.13671875
1 0.3578125 0.61875 0.08359375 0.0953125
1 0.47421875 0.64765625 0.0953125 0.065625
1 0.57421875 0.6828125 0.05390625 0.1390625
1 0.9625 0.65 0.075 0.1171875
1 0.45234375 0.49609375 0.04765625 0.1453125
1 0.0453125 0.49140625 0.090625 0.09921875