0 0.4375 0.27578125 0.078125 0.14609375
0 0.50078125 0.253125 0.07109375 0.15390625
0 0.22734375 0.14921875 0.0984375 0.1328125
1 0.10390625 0.38203125 0.08203125 0.13515625
1 0.23359375 0.4265625 0.05546875 0.14609375
0 0.20625 0.58828125 0.10703125 0.12890625
1 0.5015625 0.61328125 0.09140625 0.1203125
0 0.56328125 0.55859375 0.0984375 0.11328125
1 0.6484375 0.5859375 0.046875 0.1296875
1 0.62109375 0.4609375 0.1140625 0.1015625
1 0.79453125 0.646875 0.10703125 0.08515625
0 0.4578125 0.71875 0.1015625 0.1359375
1 0.33046875 0.7171875 0.10234375 0.10390625
1 0.25078125 0.69765625 0.078125 0.125
1 0.6 0.78046875 0.103125 0.0640625
1 0.79921875 0.73828125 0.09609375 0.07734375
1 0.37734375 0.3734375 0.07890625 0.13046875
1 0.11640625 0.74140625 0.1125 0.059375
1 0.88125 0.71875 0.06171875 0.1125