0 0.55390625 0.3359375 0.10390625 0.159375
0 0.50234375 0.19609375 0.10703125 0.1484375
1 0.29609375 0.3515625 0.1171875 0.090625
1 0.23125 0.234375 0.1140625 0.16484375
1 0.77421875 0.48203125 0.08671875 0.14296875
1 0.84375 0.68671875 0.11640625 0.10234375
1 0.8859375 0.58125 0.121875 0.1
1 0.69375 0.66953125 0.07734375 0.1546875
1 0.6453125 0.2875 0.09453125 0.11640625
1 0.475 0.3125 0.08828125 0.1546875
1 0.42734375 0.4296875 0.08515625 0.1015625
1 0.40078125 0.32578125 0.078125 0.11875
1 0.3578125 0.5046875 0.10859375 0.11875
1 0.45078125 0.6171875 0.0984375 0.11484375
1 0.32109375 0.59296875 0.11484375 0.07890625
1 0.2046875 0.51484375 0.1125 0.10390625
1 0.55703125 0.72578125 0.0734375 0.11171875
1 0.14453125 0.60859375 0.1015625 0.11640625
1 0.2171875 0.61953125 0.1015625 0.096875
1 0.0703125 0.65859375 0.06015625 0.13515625
1 0.1265625 0.878125 0.1125 0.128125
1 0.3203125 0.8703125 0.13828125 0.13359375
0 0.3953125 0.73203125 0.08828125 0.14609375
1 0.46484375 0.73125 0.1125 0.10234375
1 0.14921875 0.68046875 0.1125 0.08203125
1 0.184375 0.77734375 0.109375 0.10234375
0 0.28046875 0.70234375 0.08359375 0.13125
1 0.90625 0.77734375 0.08515625 0.0765625