0 0.1390625 0.2109375 0.065625 0.1625
0 0.3671875 0.29296875 0.09375 0.1515625
0 0.3609375 0.18984375 0.0953125 0.11640625
0 0.5046875 0.4234375 0.09921875 0.1875
0 0.2640625 0.471875 0.07109375 0.1671875
0 0.278125 0.690625 0.07890625 0.11328125
0 0.4421875 0.73203125 0.128125 0.07734375
1 0.16953125 0.6203125 0.05703125 0.1265625
1 0.12890625 0.70859375 0.046875 0.1296875
1 0.06796875 0.69453125 0.09375 0.0953125
1 0.025 0.646875 0.05 0.1390625
1 0.48984375 0.61015625 0.07421875 0.1296875
1 0.3515625 0.59765625 0.11640625 0.065625
1 0.60703125 0.471875 0.05703125 0.13671875
1 0.78359375 0.45234375 0.0765625 0.1078125
1 0.85 0.484375 0.08515625 0.0984375
1 0.72265625 0.5875 0.09453125 0.08828125
1 0.76328125 0.6640625 0.04921875 0.1515625
1 0.9359375 0.759375 0.090625 0.06484375
1 0.21171875 0.12265625 0.08359375 0.109375
1 0.11484375 0.05859375 0.04765625 0.1171875
1 0.53046875 0.15625 0.103125 0.07578125
1 0.92578125 0.11796875 0.05546875 0.13125
1 0.79609375 0.740625 0.0640625 0.12578125