0 0.29375 0.6546875 0.11640625 0.1125
0 0.35625 0.45234375 0.0703125 0.1546875
0 0.371875 0.07421875 0.09375 0.14765625
1 0.07734375 0.12734375 0.04140625 0.1328125
1 0.115625 0.28046875 0.0859375 0.06484375
1 0.04609375 0.3328125 0.0921875 0.06484375
1 0.11953125 0.42578125 0.10234375 0.071875
1 0.1296875 0.51015625 0.10234375 0.0671875
1 0.2453125 0.4265625 0.090625 0.0734375
1 0.46328125 0.3359375 0.06015625 0.1421875
1 0.26796875 0.121875 0.09140625 0.11328125
1 0.74765625 0.0921875 0.06328125 0.1328125
1 0.84296875 0.12578125 0.07890625 0.09609375
1 0.96171875 0.33203125 0.0703125 0.13671875
1 0.92421875 0.2109375 0.07109375 0.10859375
1 0.69140625 0.62109375 0.05625 0.13125
1 0.5875 0.50234375 0.04921875 0.1453125
1 0.79765625 0.52890625 0.0859375 0.12109375
1 0.8921875 0.5390625 0.10703125 0.06875
1 0.89140625 0.634375 0.0609375 0.1359375
1 0.3890625 0.5734375 0.078125 0.10390625
1 0.4578125 0.634375 0.07578125 0.11796875