0 0.46484375 0.640625 0.11015625 0.10546875
0 0.584375 0.7 0.12734375 0.10546875
0 0.25 0.4984375 0.1046875 0.1
0 0.4546875 0.5625 0.1078125 0.103125
1 0.10234375 0.26171875 0.06640625 0.1234375
1 0.22109375 0.0984375 0.10390625 0.06640625
1 0.4046875 0.26015625 0.109375 0.06953125
1 0.4625 0.3671875 0.084375 0.1203125
1 0.528125 0.19921875 0.10546875 0.078125
1 0.96796875 0.178125 0.0578125 0.1265625
1 0.92109375 0.48125 0.0734375 0.1484375
1 0.875 0.653125 0.04921875 0.1546875
1 0.925 0.6546875 0.05390625 0.1328125
1 0.565625 0.52734375 0.0625 0.1375
1 0.31796875 0.6140625 0.04609375 0.1390625
1 0.23984375 0.63671875 0.075 0.11796875
1 0.08125 0.653125 0.09921875 0.1046875
1 0.371875 0.5203125 0.0734375 0.10625
1 0.75859375 0.72421875 0.0484375 0.14296875
1 0.2890625 0.35625 0.12109375 0.128125