0 0.20625 0.65078125 0.09375 0.128125
0 0.1328125 0.434375 0.09296875 0.13828125
0 0.2125 0.3453125 0.10234375 0.14375
0 0.70546875 0.41015625 0.1203125 0.1734375
0 0.80625 0.71484375 0.13125 0.1
0 0.5578125 0.59765625 0.0875 0.13125
1 0.23125 0.5265625 0.04765625 0.14296875
1 0.296875 0.2859375 0.04765625 0.15859375
1 0.425 0.17890625 0.11015625 0.071875
1 0.34921875 0.2421875 0.07578125 0.14453125
1 0.66953125 0.0875 0.08515625 0.11171875
1 0.94609375 0.20078125 0.07890625 0.10859375
1 0.790625 0.46875 0.06640625 0.1328125
1 0.8296875 0.553125 0.05234375 0.12890625
1 0.91171875 0.50703125 0.0796875 0.090625
1 0.7171875 0.59765625 0.10546875 0.06796875
1 0.378125 0.65625 0.0390625 0.1421875
1 0.2984375 0.60234375 0.05234375 0.13515625
1 0.1125 0.62421875 0.09609375 0.07265625
1 0.46796875 0.6671875 0.08828125 0.08359375
1 0.525 0.70078125 0.046875 0.13203125
1 0.9578125 0.6625 0.053125 0.14140625
1 0.653125 0.728125 0.103125 0.071875
1 0.3765625 0.90078125 0.13359375 0.07109375
1 0.32578125 0.7984375 0.0953125 0.053125