0 0.67109375 0.7296875 0.05234375 0.17109375
0 0.32890625 0.16171875 0.06953125 0.1640625
1 0.4515625 0.1734375 0.09296875 0.090625
1 0.5796875 0.18515625 0.08984375 0.09921875
1 0.91328125 0.35859375 0.06953125 0.1171875
1 0.8953125 0.46875 0.09296875 0.08984375
1 0.1875 0.38515625 0.07421875 0.12734375
1 0.15 0.48359375 0.08125 0.12421875
1 0.41875 0.53203125 0.0546875 0.140625
1 0.23828125 0.65390625 0.08515625 0.08203125
1 0.34765625 0.48515625 0.059375 0.1328125
1 0.05078125 0.29375 0.1015625 0.0734375
1 0.04609375 0.16171875 0.07265625 0.1265625
1 0.62109375 0.68046875 0.04765625 0.1359375
1 0.8453125 0.6171875 0.05546875 0.14609375
1 0.94765625 0.5625 0.10078125 0.065625
1 0.91796875 0.6515625 0.078125 0.1140625
1 0.7796875 0.67265625 0.09375 0.1015625
1 0.040625 0.47734375 0.08125 0.0671875
1 0.08046875 0.59765625 0.07890625 0.1078125