1 0.49296875 0.15390625 0.071875 0.153125
1 0.39296875 0.35078125 0.1 0.0859375
1 0.16015625 0.3796875 0.07734375 0.12578125
1 0.4890625 0.60859375 0.0984375 0.121875
1 0.703125 0.65234375 0.1078125 0.08125
1 0.84609375 0.653125 0.09296875 0.090625
1 0.6015625 0.77578125 0.1140625 0.10859375
1 0.4328125 0.68203125 0.0671875 0.11171875
1 0.390625 0.60234375 0.09609375 0.125
1 0.246875 0.54453125 0.06171875 0.16953125
1 0.1921875 0.615625 0.08984375 0.1234375
1 0.08359375 0.646875 0.09609375 0.103125
1 0.2875 0.71328125 0.07734375 0.11484375
1 0.53125 0.74296875 0.06015625 0.1265625
1 0.346875 0.67109375 0.07734375 0.13125
1 0.1953125 0.834375 0.13203125 0.0671875
1 0.45546875 0.7921875 0.1046875 0.1
1 0.753125 0.77109375 0.10625 0.06640625
1 0.946875 0.78125 0.10625 0.065625
0 0.1671875 0.7359375 0.1015625 0.1296875
1 0.80234375 0.73671875 0.0609375 0.11015625
1 0.87109375 0.70703125 0.08046875 0.1