1 0.9609375 0.15078125 0.053125 0.134375
1 0.6875 0.19453125 0.09375 0.096875
1 0.51484375 0.37578125 0.08828125 0.121875
1 0.23203125 0.38515625 0.05390625 0.1328125
1 0.16953125 0.503125 0.0953125 0.0953125
1 0.221875 0.609375 0.11796875 0.071875
1 0.465625 0.65859375 0.05234375 0.140625
1 0.7546875 0.465625 0.05859375 0.12421875
1 0.66796875 0.4625 0.0671875 0.12109375
0 0.60859375 0.5453125 0.05546875 0.15625
1 0.7609375 0.61171875 0.065625 0.13984375
1 0.8453125 0.64140625 0.09921875 0.05546875
1 0.67265625 0.6625 0.07265625 0.12890625
1 0.39453125 0.753125 0.1046875 0.071875
1 0.890625 0.75 0.07890625 0.128125
1 0.91328125 0.6390625 0.08359375 0.10234375
1 0.57890625 0.76484375 0.06171875 0.1078125
1 0.5609375 0.6609375 0.0734375 0.11171875
1 0.05546875 0.64921875 0.10703125 0.06875
1 0.68515625 0.5640625 0.1 0.06484375