0 0.828125 0.66484375 0.11484375 0.1171875
0 0.42890625 0.66484375 0.0765625 0.16015625
1 0.221875 0.26875 0.0875 0.134375
1 0.89765625 0.5484375 0.1 0.0796875
1 0.76484375 0.43203125 0.10703125 0.10546875
1 0.684375 0.32109375 0.08359375 0.1078125
1 0.67734375 0.45 0.0640625 0.13359375
1 0.61015625 0.4453125 0.05859375 0.1265625
1 0.5140625 0.440625 0.0828125 0.12265625
1 0.32890625 0.65 0.08515625 0.09609375
1 0.08515625 0.521875 0.1015625 0.08671875
1 0.10234375 0.63828125 0.10078125 0.10078125
1 0.75078125 0.709375 0.04921875 0.15546875
1 0.66953125 0.65 0.09140625 0.10390625
1 0.79921875 0.5828125 0.08203125 0.0984375
1 0.7375 0.52109375 0.09375 0.07890625
1 0.49453125 0.66875 0.0703125 0.10703125
1 0.91640625 0.7078125 0.0890625 0.08515625
1 0.21015625 0.7359375 0.08984375 0.071875