0 0.3625 0.61015625 0.10625 0.13046875
0 0.2640625 0.590625 0.07421875 0.16328125
0 0.19140625 0.61015625 0.05703125 0.17734375
0 0.12578125 0.584375 0.08828125 0.13828125
0 0.4625 0.5953125 0.0546875 0.1765625
0 0.515625 0.66875 0.04921875 0.1796875
0 0.453125 0.31484375 0.0984375 0.11171875
1 0.65546875 0.428125 0.0671875 0.134375
1 0.86015625 0.51015625 0.1234375 0.0765625
1 0.67578125 0.615625 0.0796875 0.12265625
1 0.78203125 0.68203125 0.1046875 0.09453125
1 0.60703125 0.6046875 0.04765625 0.125
1 0.1 0.296875 0.11875 0.0765625
1 0.25625 0.36328125 0.0546875 0.1328125
1 0.21328125 0.43359375 0.07578125 0.09609375
1 0.08828125 0.3875 0.07265625 0.1078125
1 0.7671875 0.08125 0.12421875 0.09453125
1 0.65546875 0.72578125 0.0671875 0.12421875
0 0.38828125 0.7078125 0.11953125 0.08515625
1 0.05 0.70859375 0.09921875 0.09296875
1 0.56484375 0.65234375 0.05625 0.1203125