0 0.8109375 0.66015625 0.0765625 0.14375
0 0.73046875 0.64609375 0.05703125 0.1546875
0 0.665625 0.64140625 0.075 0.14609375
0 0.6515625 0.54375 0.0953125 0.13671875
0 0.56796875 0.628125 0.08046875 0.14921875
0 0.5359375 0.3234375 0.09140625 0.15
0 0.5625 0.17421875 0.10625 0.13515625
0 0.95234375 0.265625 0.0609375 0.171875
1 0.41953125 0.38359375 0.0546875 0.1328125
1 0.24609375 0.43515625 0.05078125 0.14375
1 0.14296875 0.49453125 0.09453125 0.0859375
1 0.4546875 0.153125 0.08203125 0.11171875
1 0.59296875 0.49453125 0.07578125 0.10859375
1 0.53125 0.50234375 0.06875 0.13359375
1 0.48828125 0.44296875 0.07578125 0.1140625
1 0.453125 0.55 0.078125 0.11328125
1 0.440625 0.67578125 0.05703125 0.13203125
1 0.31015625 0.61953125 0.09765625 0.0859375
1 0.21484375 0.62734375 0.09921875 0.075
1 0.28984375 0.69375 0.11328125 0.07109375
1 0.10078125 0.6078125 0.06328125 0.13515625
1 0.8203125 0.0578125 0.0546875 0.11484375
1 0.771875 0.49375 0.0625 0.13671875
1 0.7109375 0.484375 0.071875 0.10859375
1 0.5015625 0.684375 0.04765625 0.13515625
0 0.840625 0.42734375 0.1 0.125
1 0.59609375 0.32890625 0.05078125 0.115625
1 0.1625 0.69765625 0.0984375 0.0921875
1 0.0171875 0.5703125 0.034375 0.1265625