0 0.86796875 0.65546875 0.115625 0.11328125
0 0.84375 0.76484375 0.1171875 0.08359375
0 0.48984375 0.184375 0.08203125 0.17578125
1 0.69921875 0.07734375 0.11015625 0.075
1 0.834375 0.15859375 0.0734375 0.13671875
1 0.68046875 0.221875 0.07265625 0.12265625
1 0.71640625 0.30234375 0.0625 0.13671875
1 0.6125 0.38359375 0.08359375 0.13671875
1 0.471875 0.33203125 0.075 0.13359375
1 0.29609375 0.6171875 0.0578125 0.15
1 0.2140625 0.52265625 0.04921875 0.14453125
1 0.42578125 0.66875 0.07890625 0.10703125
1 0.85546875 0.38125 0.09765625 0.071875
1 0.78046875 0.3921875 0.0453125 0.1421875
0 0.9484375 0.4625 0.103125 0.09765625
1 0.78046875 0.690625 0.05546875 0.13515625
1 0.1640625 0.59140625 0.07734375 0.11875
1 0.13203125 0.6390625 0.10078125 0.1109375
1 0.23203125 0.69453125 0.0796875 0.121875
1 0.97109375 0.153125 0.05546875 0.11953125
0 0.0421875 0.66796875 0.084375 0.08828125