0 0.17265625 0.6640625 0.0984375 0.1515625
0 0.4296875 0.359375 0.07734375 0.1515625
0 0.5 0.3109375 0.09375 0.125
1 0.58515625 0.30859375 0.0578125 0.13671875
1 0.26015625 0.159375 0.0734375 0.1421875
1 0.3078125 0.18359375 0.07890625 0.1375
1 0.52109375 0.15859375 0.08515625 0.096875
1 0.6109375 0.075 0.08671875 0.109375
1 0.83515625 0.2859375 0.08828125 0.09140625
1 0.89765625 0.459375 0.10390625 0.08125
1 0.909375 0.61640625 0.06796875 0.11875
1 0.60859375 0.60703125 0.1015625 0.06640625
0 0.4453125 0.6875 0.10859375 0.0953125
1 0.24765625 0.57734375 0.05703125 0.1453125
1 0.353125 0.53359375 0.08046875 0.09296875
1 0.4296875 0.48515625 0.08046875 0.08984375
1 0.5296875 0.42265625 0.06484375 0.1140625
1 0.5296875 0.66796875 0.05234375 0.13828125
1 0.8078125 0.725 0.1 0.07421875
1 0.8828125 0.7234375 0.07109375 0.1078125
1 0.31875 0.64921875 0.0640625 0.12265625
1 0.378125 0.63984375 0.0625 0.13828125
1 0.0359375 0.3765625 0.071875 0.10625