0 0.865625 0.22578125 0.05859375 0.165625
1 0.3171875 0.09921875 0.07421875 0.14765625
1 0.2171875 0.09609375 0.0875 0.1125
1 0.94453125 0.3375 0.0921875 0.10234375
1 0.85 0.37578125 0.06875 0.128125
1 0.79375 0.346875 0.06328125 0.1328125
1 0.86328125 0.53671875 0.0703125 0.13984375
1 0.92578125 0.665625 0.06015625 0.140625
1 0.71328125 0.69609375 0.06875 0.12109375
1 0.671875 0.6015625 0.05234375 0.140625
1 0.61171875 0.7125 0.06796875 0.13046875
1 0.60625 0.5546875 0.06171875 0.125
1 0.5578125 0.54453125 0.06015625 0.1453125
1 0.53125 0.45234375 0.06015625 0.125
1 0.09140625 0.52890625 0.0734375 0.1359375
1 0.12265625 0.6546875 0.1109375 0.0953125
1 0.1546875 0.73828125 0.0875 0.11328125
1 0.0609375 0.77578125 0.08359375 0.078125
1 0.3515625 0.6125 0.096875 0.07890625
1 0.4265625 0.64375 0.06171875 0.13359375
1 0.50390625 0.66484375 0.09765625 0.0703125
1 0.515625 0.759375 0.05234375 0.12421875
1 0.8875 0.778125 0.10859375 0.07265625