0 0.23984375 0.640625 0.07265625 0.16875
0 0.6203125 0.44765625 0.06796875 0.14765625
0 0.3953125 0.68203125 0.12421875 0.1
0 0.56875 0.5984375 0.12421875 0.0828125
0 0.75546875 0.67734375 0.07109375 0.16328125
1 0.5453125 0.4625 0.05546875 0.175
1 0.32734375 0.4796875 0.09453125 0.09140625
1 0.38359375 0.4390625 0.06640625 0.11484375
1 0.31171875 0.57421875 0.05625 0.13125
1 0.45625 0.60234375 0.10234375 0.0921875
1 0.56171875 0.6828125 0.0703125 0.1109375
1 0.6703125 0.625 0.0625 0.15
1 0.73984375 0.4046875 0.0984375 0.10078125
1 0.68984375 0.18046875 0.07265625 0.14296875
1 0.2890625 0.0703125 0.10078125 0.08203125
1 0.03359375 0.14140625 0.05234375 0.13671875
1 0.12421875 0.7359375 0.0953125 0.07890625
0 0.52421875 0.74921875 0.06640625 0.11484375