0 0.42109375 0.2609375 0.0796875 0.1578125
0 0.56328125 0.65 0.071875 0.15546875
0 0.875 0.6953125 0.1140625 0.10546875
0 0.07421875 0.33125 0.10546875 0.134375
1 0.1640625 0.27265625 0.08359375 0.14453125
1 0.30234375 0.33515625 0.07890625 0.15859375
1 0.2203125 0.396875 0.0703125 0.16640625
0 0.2265625 0.53671875 0.08515625 0.14375
1 0.21171875 0.66484375 0.0984375 0.08671875
1 0.3484375 0.603125 0.05546875 0.13125
1 0.4234375 0.63671875 0.0484375 0.14296875
1 0.4140625 0.51953125 0.0625 0.1390625
0 0.58828125 0.5171875 0.11796875 0.0796875
1 0.6625 0.44140625 0.11171875 0.084375
1 0.71640625 0.59765625 0.0875 0.12578125
1 0.65859375 0.6453125 0.1046875 0.084375
1 0.83203125 0.58359375 0.11171875 0.08515625
1 0.92109375 0.61328125 0.1046875 0.0875
1 0.784375 0.69921875 0.109375 0.1171875
1 0.06796875 0.5046875 0.06015625 0.175
0 0.48046875 0.73359375 0.05625 0.1359375
1 0.4546875 0.79140625 0.0765625 0.11328125
0 0.05703125 0.75390625 0.1140625 0.09609375
1 0.33515625 0.74609375 0.05625 0.13203125