0 0.5078125 0.45234375 0.0578125 0.175
0 0.30703125 0.54296875 0.0671875 0.1609375
0 0.73984375 0.4109375 0.0859375 0.12890625
0 0.6328125 0.3828125 0.1171875 0.07734375
0 0.71796875 0.2046875 0.0546875 0.175
0 0.4125 0.70625 0.0515625 0.17109375
1 0.24375 0.5515625 0.05625 0.14375
1 0.1984375 0.26875 0.053125 0.13984375
1 0.4390625 0.30625 0.07421875 0.1203125
1 0.4890625 0.34140625 0.0828125 0.0984375
1 0.4078125 0.4109375 0.0921875 0.0921875
1 0.546875 0.2375 0.06484375 0.11171875
1 0.90859375 0.2125 0.10078125 0.06796875
1 0.959375 0.53125 0.05 0.1203125
1 0.88125 0.578125 0.0953125 0.05390625
1 0.79765625 0.54921875 0.0765625 0.10546875
1 0.6609375 0.46796875 0.078125 0.121875
1 0.565625 0.696875 0.0484375 0.13984375
1 0.48203125 0.67578125 0.05390625 0.128125
1 0.4421875 0.49921875 0.05390625 0.13125
1 0.63125 0.57734375 0.078125 0.12890625
1 0.74453125 0.66484375 0.04375 0.1375
1 0.696875 0.653125 0.05390625 0.1265625
1 0.965625 0.3953125 0.06875 0.10625
1 0.4296875 0.596875 0.06640625 0.11328125
1 0.26484375 0.66015625 0.08828125 0.06953125
1 0.21015625 0.65 0.0828125 0.1171875