0 0.3296875 0.08125 0.1203125 0.11484375
0 0.2609375 0.1203125 0.10234375 0.16015625
0 0.40390625 0.3609375 0.07578125 0.12890625
0 0.53515625 0.42109375 0.09453125 0.1375
0 0.25078125 0.4546875 0.10703125 0.125
0 0.33125 0.5703125 0.07578125 0.13984375
0 0.63984375 0.69921875 0.0515625 0.13828125
0 0.88125 0.66796875 0.128125 0.08828125
0 0.04921875 0.63125 0.0984375 0.1015625
1 0.56953125 0.59453125 0.0921875 0.0921875
1 0.0921875 0.3609375 0.07734375 0.1046875
1 0.7890625 0.4984375 0.06171875 0.1296875
1 0.84921875 0.5671875 0.0828125 0.0828125
1 0.7640625 0.628125 0.04921875 0.1265625
1 0.70859375 0.54609375 0.0484375 0.1453125
1 0.46015625 0.62890625 0.06328125 0.11953125
1 0.384375 0.56796875 0.04765625 0.13515625
1 0.24296875 0.63046875 0.03671875 0.14296875
1 0.2015625 0.634375 0.0515625 0.12578125
1 0.10703125 0.5671875 0.04921875 0.1328125
1 0.97421875 0.453125 0.0515625 0.115625
1 0.95234375 0.5640625 0.084375 0.11875
1 0.5140625 0.7171875 0.040625 0.12578125
1 0.20390625 0.8328125 0.10703125 0.0921875