0 0.56015625 0.26640625 0.1171875 0.21171875
0 0.5625 0.440625 0.1390625 0.1328125
0 0.684375 0.43046875 0.09296875 0.146875
1 0.6484375 0.32890625 0.0703125 0.1640625
1 0.953125 0.425 0.09375 0.146875
1 0.95703125 0.55625 0.0859375 0.10859375
1 0.92265625 0.665625 0.1203125 0.09765625
1 0.1359375 0.25078125 0.13828125 0.13671875
1 0.3671875 0.728125 0.06484375 0.1671875
1 0.44921875 0.71640625 0.0640625 0.17109375
1 0.528125 0.67578125 0.0953125 0.14609375
0 0.64296875 0.6703125 0.1046875 0.134375
1 0.49375 0.54375 0.11015625 0.090625
1 0.61484375 0.55703125 0.11328125 0.0890625