0 0.43984375 0.26640625 0.1171875 0.21171875
0 0.4375 0.440625 0.1390625 0.1328125
0 0.315625 0.43046875 0.09296875 0.146875
1 0.3515625 0.32890625 0.0703125 0.1640625
1 0.046875 0.425 0.09375 0.146875
1 0.04296875 0.55625 0.0859375 0.10859375
1 0.07734375 0.665625 0.1203125 0.09765625
1 0.8640625 0.25078125 0.13828125 0.13671875
1 0.6328125 0.728125 0.06484375 0.1671875
1 0.55078125 0.71640625 0.0640625 0.17109375
1 0.471875 0.67578125 0.0953125 0.14609375
0 0.35703125 0.6703125 0.1046875 0.134375
1 0.50625 0.54375 0.11015625 0.090625
1 0.38515625 0.55703125 0.11328125 0.0890625