0 0.3703125 0.35625 0.4296875 0.35625 0.4296875 0.5203125 0.3703125 0.5203125
0 0.6421875 0.5796875 0.721875 0.5796875 0.721875 0.7515625 0.6421875 0.7515625
0 0.63125 0.428125 0.7265625 0.428125 0.7265625 0.5875 0.63125 0.5875
0 0.6609375 0.25625 0.7640625 0.25625 0.7640625 0.3953125 0.6609375 0.3953125
0 0.534375 0.009375 0.6359375 0.009375 0.6359375 0.140625 0.534375 0.140625
0 0.240625 0.684375 0.3734375 0.684375 0.3734375 0.7921875 0.240625 0.7921875
0 0.4609375 0.69375 0.58125 0.69375 0.58125 0.7890625 0.4609375 0.7890625
1 0.4484375 0.478125 0.5078125 0.478125 0.5078125 0.609375 0.4484375 0.609375
1 0.5734375 0.384375 0.646875 0.384375 0.646875 0.5109375 0.5734375 0.5109375
1 0.1984375 0.4984375 0.2671875 0.4984375 0.2671875 0.659375 0.1984375 0.659375
1 0.0515625 0.4046875 0.1390625 0.4046875 0.1390625 0.5 0.0515625 0.5
1 0 0.49375 0.06875 0.49375 0.06875 0.5828125 0 0.5828125
1 0.046875 0.5546875 0.1359375 0.5546875 0.1359375 0.66875 0.046875 0.66875
1 0.1234375 0.5921875 0.1734375 0.5921875 0.1734375 0.7296875 0.1234375 0.7296875
1 0.640625 0.065625 0.6921875 0.065625 0.6921875 0.196875 0.640625 0.196875
1 0.7328125 0.4921875 0.809375 0.4921875 0.809375 0.6234375 0.7328125 0.6234375
1 0.809375 0.5625 0.909375 0.5625 0.909375 0.6421875 0.809375 0.6421875
1 0.803125 0.4703125 0.8890625 0.4703125 0.8890625 0.5578125 0.803125 0.5578125
0 0.78125 0.640625 0.8765625 0.640625 0.8765625 0.790625 0.78125 0.790625
1 0.1890625 0.671875 0.265625 0.671875 0.265625 0.7703125 0.1890625 0.7703125