0 0.05625 0.196875 0.1640625 0.196875 0.1640625 0.30625 0.05625 0.30625
0 0.1140625 0.2828125 0.209375 0.2828125 0.209375 0.415625 0.1140625 0.415625
0 0.6046875 0.4125 0.6578125 0.4125 0.6578125 0.5671875 0.6046875 0.5671875
0 0.6875 0.0484375 0.76875 0.0484375 0.76875 0.21875 0.6875 0.21875
0 0.4890625 0.5421875 0.559375 0.5421875 0.559375 0.69375 0.4890625 0.69375
0 0.053125 0.5296875 0.1703125 0.5296875 0.1703125 0.6390625 0.053125 0.6390625
1 0.51875 0.421875 0.571875 0.421875 0.571875 0.55 0.51875 0.55
1 0.325 0.3953125 0.371875 0.3953125 0.371875 0.521875 0.325 0.521875
1 0 0.109375 0.0625 0.109375 0.0625 0.215625 0 0.215625
1 0.540625 0.2671875 0.6390625 0.2671875 0.6390625 0.371875 0.540625 0.371875
1 0.8671875 0.0734375 0.9390625 0.0734375 0.9390625 0.2125 0.8671875 0.2125
1 0.921875 0.1796875 1 0.1796875 1 0.3234375 0.921875 0.3234375
1 0.890625 0.409375 1 0.409375 1 0.496875 0.890625 0.496875
1 0.7609375 0.5890625 0.8671875 0.5890625 0.8671875 0.68125 0.7609375 0.68125
1 0.259375 0.5921875 0.3546875 0.5921875 0.3546875 0.675 0.259375 0.675
1 0.3 0.51875 0.384375 0.51875 0.384375 0.6421875 0.3 0.6421875
1 0.534375 0.55625 0.609375 0.55625 0.609375 0.665625 0.534375 0.665625
1 0.6453125 0.540625 0.6953125 0.540625 0.6953125 0.665625 0.6453125 0.665625
1 0.3828125 0.3390625 0.4421875 0.3390625 0.4421875 0.4828125 0.3828125 0.4828125