0 0.5390625 0.5671875 0.6 0.5671875 0.6 0.7296875 0.5390625 0.7296875
1 0.7359375 0.1234375 0.815625 0.1234375 0.815625 0.2734375 0.7359375 0.2734375
1 0.634375 0.146875 0.728125 0.146875 0.728125 0.25 0.634375 0.25
1 0.653125 0.2046875 0.7421875 0.2046875 0.7421875 0.3234375 0.653125 0.3234375
1 0.9203125 0.0734375 0.984375 0.0734375 0.984375 0.1984375 0.9203125 0.1984375
1 0.7234375 0.296875 0.8046875 0.296875 0.8046875 0.4109375 0.7234375 0.4109375
1 0.7484375 0.41875 0.8015625 0.41875 0.8015625 0.5390625 0.7484375 0.5390625
1 0.6421875 0.5171875 0.69375 0.5171875 0.69375 0.6578125 0.6421875 0.6578125
1 0.540625 0.446875 0.6 0.446875 0.6 0.575 0.540625 0.575
1 0.465625 0.509375 0.5421875 0.509375 0.5421875 0.609375 0.465625 0.609375
1 0.4734375 0.60625 0.5375 0.60625 0.5375 0.7234375 0.4734375 0.7234375
1 0.2359375 0.11875 0.3453125 0.11875 0.3453125 0.2 0.2359375 0.2
1 0.1546875 0.5453125 0.2265625 0.5453125 0.2265625 0.6953125 0.1546875 0.6953125
1 0.2328125 0.625 0.315625 0.625 0.315625 0.74375 0.2328125 0.74375
1 0.3671875 0.6515625 0.4609375 0.6515625 0.4609375 0.7578125 0.3671875 0.7578125
1 0.7796875 0.60625 0.88125 0.60625 0.88125 0.6734375 0.7796875 0.6734375
1 0.8734375 0.621875 0.965625 0.621875 0.965625 0.70625 0.8734375 0.70625
1 0.9140625 0.7609375 0.9984375 0.7609375 0.9984375 0.83125 0.9140625 0.83125
1 0.6265625 0.65625 0.6890625 0.65625 0.6890625 0.775 0.6265625 0.775
1 0.03125 0.56875 0.128125 0.56875 0.128125 0.646875 0.03125 0.646875
1 0.7984375 0.6890625 0.871875 0.6890625 0.871875 0.778125 0.7984375 0.778125