0 0.30625 0.4859375 0.4 0.4859375 0.4 0.640625 0.30625 0.640625
0 0.4484375 0.5109375 0.575 0.5109375 0.575 0.628125 0.4484375 0.628125
0 0.353125 0.6875 0.478125 0.6875 0.478125 0.7734375 0.353125 0.7734375
0 0.753125 0.6625 0.871875 0.6625 0.871875 0.796875 0.753125 0.796875
1 0.7515625 0.553125 0.8703125 0.553125 0.8703125 0.646875 0.7515625 0.646875
1 0.3828125 0.33125 0.465625 0.33125 0.465625 0.4265625 0.3828125 0.4265625
1 0.478125 0.2671875 0.5359375 0.2671875 0.5359375 0.4015625 0.478125 0.4015625
1 0.5828125 0.4125 0.6265625 0.4125 0.6265625 0.5515625 0.5828125 0.5515625
1 0.675 0.165625 0.759375 0.165625 0.759375 0.2765625 0.675 0.2765625
1 0.8546875 0.1625 0.9453125 0.1625 0.9453125 0.31875 0.8546875 0.31875
1 0.8 0.4734375 0.8890625 0.4734375 0.8890625 0.5765625 0.8 0.5765625
1 0.8796875 0.4921875 0.940625 0.4921875 0.940625 0.6296875 0.8796875 0.6296875
1 0.871875 0.63125 0.9296875 0.63125 0.9296875 0.778125 0.871875 0.778125
1 0.4578125 0.653125 0.5515625 0.653125 0.5515625 0.7359375 0.4578125 0.7359375
1 0.2625 0.40625 0.309375 0.40625 0.309375 0.54375 0.2625 0.54375
1 0.196875 0.4484375 0.26875 0.4484375 0.26875 0.5453125 0.196875 0.5453125
1 0.0578125 0.5125 0.11875 0.5125 0.11875 0.6484375 0.0578125 0.6484375
1 0.0140625 0.4015625 0.0875 0.4015625 0.0875 0.53125 0.0140625 0.53125
1 0.0203125 0.015625 0.078125 0.015625 0.078125 0.1375 0.0203125 0.1375
1 0.45 0 0.509375 0 0.509375 0.121875 0.45 0.121875
1 0.3734375 0 0.453125 0 0.453125 0.084375 0.3734375 0.084375
1 0.3265625 0.2671875 0.403125 0.2671875 0.403125 0.375 0.3265625 0.375
1 0.128125 0.5015625 0.178125 0.5015625 0.178125 0.6296875 0.128125 0.6296875
1 0.1734375 0.5046875 0.240625 0.5046875 0.240625 0.6296875 0.1734375 0.6296875
1 0.2546875 0.553125 0.309375 0.553125 0.309375 0.696875 0.2546875 0.696875
1 0.95 0.428125 1 0.428125 1 0.55 0.95 0.55
0 0.915625 0.56875 1 0.56875 1 0.709375 0.915625 0.709375