0 0.3984375 0.203125 0.4765625 0.203125 0.4765625 0.3484375 0.3984375 0.3484375
0 0.465625 0.1765625 0.5359375 0.1765625 0.5359375 0.3296875 0.465625 0.3296875
0 0.178125 0.0828125 0.2765625 0.0828125 0.2765625 0.215625 0.178125 0.215625
1 0.0625 0.3140625 0.1453125 0.3140625 0.1453125 0.45 0.0625 0.45
1 0.20625 0.353125 0.2609375 0.353125 0.2609375 0.5 0.20625 0.5
0 0.153125 0.5234375 0.259375 0.5234375 0.259375 0.653125 0.153125 0.653125
1 0.45625 0.553125 0.546875 0.553125 0.546875 0.6734375 0.45625 0.6734375
0 0.5140625 0.5015625 0.6125 0.5015625 0.6125 0.615625 0.5140625 0.615625
1 0.625 0.521875 0.671875 0.521875 0.671875 0.6515625 0.625 0.6515625
1 0.5640625 0.4109375 0.678125 0.4109375 0.678125 0.5125 0.5640625 0.5125
1 0.740625 0.6046875 0.8484375 0.6046875 0.8484375 0.6890625 0.740625 0.6890625
0 0.4078125 0.6515625 0.509375 0.6515625 0.509375 0.7875 0.4078125 0.7875
1 0.2796875 0.665625 0.38125 0.665625 0.38125 0.76875 0.2796875 0.76875
1 0.2125 0.6359375 0.290625 0.6359375 0.290625 0.7609375 0.2125 0.7609375
1 0.5484375 0.7484375 0.6515625 0.7484375 0.6515625 0.8125 0.5484375 0.8125
1 0.7515625 0.7 0.846875 0.7 0.846875 0.7765625 0.7515625 0.7765625
1 0.3375 0.3078125 0.4171875 0.3078125 0.4171875 0.4390625 0.3375 0.4390625
1 0.0609375 0.7125 0.1734375 0.7125 0.1734375 0.771875 0.0609375 0.771875
1 0.85 0.6625 0.9125 0.6625 0.9125 0.775 0.85 0.775