0 0.571875 0.35625 0.63125 0.35625 0.63125 0.5203125 0.571875 0.5203125
0 0.2796875 0.5796875 0.359375 0.5796875 0.359375 0.7515625 0.2796875 0.7515625
0 0.2734375 0.428125 0.36875 0.428125 0.36875 0.5875 0.2734375 0.5875
0 0.2359375 0.25625 0.3390625 0.25625 0.3390625 0.3953125 0.2359375 0.3953125
0 0.3640625 0.009375 0.465625 0.009375 0.465625 0.140625 0.3640625 0.140625
0 0.6265625 0.684375 0.759375 0.684375 0.759375 0.7921875 0.6265625 0.7921875
0 0.41875 0.69375 0.5390625 0.69375 0.5390625 0.7890625 0.41875 0.7890625
1 0.4921875 0.478125 0.5515625 0.478125 0.5515625 0.609375 0.4921875 0.609375
1 0.3546875 0.384375 0.428125 0.384375 0.428125 0.5109375 0.3546875 0.5109375
1 0.7328125 0.4984375 0.8015625 0.4984375 0.8015625 0.659375 0.7328125 0.659375
1 0.8609375 0.4046875 0.9484375 0.4046875 0.9484375 0.5 0.8609375 0.5
1 0.93125 0.49375 1 0.49375 1 0.5828125 0.93125 0.5828125
1 0.8640625 0.5546875 0.953125 0.5546875 0.953125 0.66875 0.8640625 0.66875
1 0.828125 0.5921875 0.878125 0.5921875 0.878125 0.7296875 0.828125 0.7296875
1 0.3078125 0.065625 0.359375 0.065625 0.359375 0.196875 0.3078125 0.196875
1 0.190625 0.4921875 0.2671875 0.4921875 0.2671875 0.6234375 0.190625 0.6234375
1 0.090625 0.5625 0.190625 0.5625 0.190625 0.6421875 0.090625 0.6421875
1 0.1109375 0.4703125 0.196875 0.4703125 0.196875 0.5578125 0.1109375 0.5578125
0 0.1234375 0.640625 0.21875 0.640625 0.21875 0.790625 0.1234375 0.790625
1 0.734375 0.671875 0.8109375 0.671875 0.8109375 0.7703125 0.734375 0.7703125