0 0.7125 0.534375 0.8453125 0.534375 0.8453125 0.628125 0.7125 0.628125
0 0.4203125 0.1671875 0.4796875 0.1671875 0.4796875 0.3390625 0.4203125 0.3390625
0 0.1546875 0.140625 0.221875 0.140625 0.221875 0.2984375 0.1546875 0.2984375
0 0.1546875 0.3671875 0.2390625 0.3671875 0.2390625 0.5140625 0.1546875 0.5140625
0 0.275 0.4875 0.3921875 0.4875 0.3921875 0.5953125 0.275 0.5953125
0 0.2703125 0.5703125 0.334375 0.5703125 0.334375 0.73125 0.2703125 0.73125
1 0.1890625 0.3484375 0.284375 0.3484375 0.284375 0.415625 0.1890625 0.415625
1 0.30625 0.425 0.375 0.425 0.375 0.5125 0.30625 0.5125
1 0.4609375 0.3359375 0.5640625 0.3359375 0.5640625 0.4015625 0.4609375 0.4015625
1 0.6078125 0.390625 0.65625 0.390625 0.65625 0.53125 0.6078125 0.53125
1 0.4453125 0.4171875 0.5265625 0.4171875 0.5265625 0.5140625 0.4453125 0.5140625
1 0.5234375 0.4078125 0.584375 0.4078125 0.584375 0.5359375 0.5234375 0.5359375
1 0.7609375 0.371875 0.871875 0.371875 0.871875 0.434375 0.7609375 0.434375
1 0.7375 0.4234375 0.809375 0.4234375 0.809375 0.5328125 0.7375 0.5328125
1 0.7921875 0.5859375 0.8828125 0.5859375 0.8828125 0.665625 0.7921875 0.665625
0 0.734375 0.671875 0.8515625 0.671875 0.8515625 0.790625 0.734375 0.790625
1 0.43125 0.6140625 0.478125 0.6140625 0.478125 0.753125 0.43125 0.753125
1 0.3921875 0.5734375 0.4296875 0.5734375 0.4296875 0.696875 0.3921875 0.696875
1 0.459375 0.5015625 0.515625 0.5015625 0.515625 0.6328125 0.459375 0.6328125
1 0.5140625 0.5125 0.575 0.5125 0.575 0.64375 0.5140625 0.64375
1 0.565625 0.5421875 0.61875 0.5421875 0.61875 0.68125 0.565625 0.68125
1 0.46875 0.628125 0.5703125 0.628125 0.5703125 0.7109375 0.46875 0.7109375
1 0 0.321875 0.1 0.321875 0.1 0.384375 0 0.384375
1 0.0171875 0.4078125 0.071875 0.4078125 0.071875 0.5296875 0.0171875 0.5296875
1 0.04375 0.075 0.1265625 0.075 0.1265625 0.1546875 0.04375 0.1546875
1 0.209375 0.2296875 0.3 0.2296875 0.3 0.3078125 0.209375 0.3078125
1 0.2953125 0.24375 0.35 0.24375 0.35 0.390625 0.2953125 0.390625
1 0.3296875 0.203125 0.396875 0.203125 0.396875 0.31875 0.3296875 0.31875
1 0.1578125 0.59375 0.265625 0.59375 0.265625 0.6640625 0.1578125 0.6640625
1 0.321875 0.7828125 0.434375 0.7828125 0.434375 0.8421875 0.321875 0.8421875
1 0.85 0.7390625 0.9671875 0.7390625 0.9671875 0.7921875 0.85 0.7921875
0 0.0421875 0.6671875 0.1421875 0.6671875 0.1421875 0.8359375 0.0421875 0.8359375
0 0.253125 0.6875 0.3234375 0.6875 0.3234375 0.8234375 0.253125 0.8234375
1 0.325 0.6078125 0.39375 0.6078125 0.39375 0.6984375 0.325 0.6984375