0 0.2703125 0.0234375 0.390625 0.0234375 0.390625 0.1390625 0.2703125 0.1390625
0 0.209375 0.040625 0.3125 0.040625 0.3125 0.2 0.209375 0.2
0 0.365625 0.296875 0.4421875 0.296875 0.4421875 0.425 0.365625 0.425
0 0.4875 0.353125 0.5828125 0.353125 0.5828125 0.490625 0.4875 0.490625
0 0.196875 0.3921875 0.3046875 0.3921875 0.3046875 0.5171875 0.196875 0.5171875
0 0.29375 0.5 0.36875 0.5 0.36875 0.640625 0.29375 0.640625
0 0.6140625 0.6296875 0.665625 0.6296875 0.665625 0.76875 0.6140625 0.76875
0 0.8171875 0.6234375 0.9453125 0.6234375 0.9453125 0.7125 0.8171875 0.7125
0 0 0.58125 0.0984375 0.58125 0.0984375 0.6828125 0 0.6828125
1 0.5234375 0.5484375 0.615625 0.5484375 0.615625 0.640625 0.5234375 0.640625
1 0.053125 0.309375 0.13125 0.309375 0.13125 0.4140625 0.053125 0.4140625
1 0.7578125 0.434375 0.8203125 0.434375 0.8203125 0.5640625 0.7578125 0.5640625
1 0.8078125 0.5265625 0.890625 0.5265625 0.890625 0.609375 0.8078125 0.609375
1 0.7390625 0.565625 0.7890625 0.565625 0.7890625 0.6921875 0.7390625 0.6921875
1 0.684375 0.4734375 0.7328125 0.4734375 0.7328125 0.61875 0.684375 0.61875
1 0.428125 0.56875 0.4921875 0.56875 0.4921875 0.6890625 0.428125 0.6890625
1 0.3609375 0.5 0.4078125 0.5 0.4078125 0.6359375 0.3609375 0.6359375
1 0.225 0.559375 0.2609375 0.559375 0.2609375 0.7015625 0.225 0.7015625
1 0.1765625 0.571875 0.228125 0.571875 0.228125 0.696875 0.1765625 0.696875
1 0.0828125 0.5015625 0.13125 0.5015625 0.13125 0.634375 0.0828125 0.634375
1 0.9484375 0.3953125 1 0.3953125 1 0.5109375 0.9484375 0.5109375
1 0.9109375 0.5046875 0.9953125 0.5046875 0.9953125 0.6234375 0.9109375 0.6234375
1 0.49375 0.6546875 0.534375 0.6546875 0.534375 0.7796875 0.49375 0.7796875
1 0.15 0.7875 0.2578125 0.7875 0.2578125 0.8796875 0.15 0.8796875