0 0.165625 0.5296875 0.2640625 0.5296875 0.2640625 0.6734375 0.165625 0.6734375
1 0.1234375 0.453125 0.171875 0.453125 0.171875 0.590625 0.1234375 0.590625
1 0.140625 0.15 0.1984375 0.15 0.1984375 0.278125 0.140625 0.278125
1 0.30625 0.4046875 0.3703125 0.4046875 0.3703125 0.54375 0.30625 0.54375
1 0.36875 0.4546875 0.4703125 0.4546875 0.4703125 0.521875 0.36875 0.521875
1 0.56875 0.48125 0.640625 0.48125 0.640625 0.6140625 0.56875 0.6140625
1 0.55 0.6390625 0.5953125 0.6390625 0.5953125 0.80625 0.55 0.80625
1 0.63125 0.6265625 0.715625 0.6265625 0.715625 0.7421875 0.63125 0.7421875
1 0.809375 0.58125 0.8546875 0.58125 0.8546875 0.7359375 0.809375 0.7359375
1 0.81875 0.4265625 0.8953125 0.4265625 0.8953125 0.5484375 0.81875 0.5484375
1 0.928125 0.365625 0.99375 0.365625 0.99375 0.490625 0.928125 0.490625
1 0 0.2671875 0.046875 0.2671875 0.046875 0.3984375 0 0.3984375