0 0.628125 0.6109375 0.7515625 0.6109375 0.7515625 0.7609375 0.628125 0.7609375
1 0.3375 0.403125 0.4265625 0.403125 0.4265625 0.534375 0.3375 0.534375
1 0.4265625 0.415625 0.5125 0.415625 0.5125 0.521875 0.4265625 0.521875
1 0.0734375 0.346875 0.171875 0.346875 0.171875 0.4546875 0.0734375 0.4546875
1 0.0875 0.140625 0.15625 0.140625 0.15625 0.2671875 0.0875 0.2671875
1 0.3734375 0.2078125 0.48125 0.2078125 0.48125 0.28125 0.3734375 0.28125
1 0.7609375 0.01875 0.8515625 0.01875 0.8515625 0.14375 0.7609375 0.14375
1 0.884375 0.2234375 0.9640625 0.2234375 0.9640625 0.3625 0.884375 0.3625
1 0.7703125 0.56875 0.8234375 0.56875 0.8234375 0.7203125 0.7703125 0.7203125
1 0.846875 0.690625 0.940625 0.690625 0.940625 0.796875 0.846875 0.796875
1 0.4921875 0.61875 0.5671875 0.61875 0.5671875 0.7484375 0.4921875 0.7484375
1 0.1234375 0.61875 0.184375 0.61875 0.184375 0.759375 0.1234375 0.759375