0 0.846875 0.1171875 0.946875 0.1171875 0.946875 0.265625 0.846875 0.265625
0 0.4703125 0.05 0.534375 0.05 0.534375 0.2015625 0.4703125 0.2015625
0 0.6140625 0.246875 0.6984375 0.246875 0.6984375 0.4046875 0.6140625 0.4046875
0 0.790625 0.5890625 0.8515625 0.5890625 0.8515625 0.753125 0.790625 0.753125
1 0.3546875 0.4234375 0.4421875 0.4234375 0.4421875 0.54375 0.3546875 0.54375
1 0.33125 0.60625 0.3828125 0.60625 0.3828125 0.7484375 0.33125 0.7484375
1 0.2484375 0.496875 0.3171875 0.496875 0.3171875 0.6171875 0.2484375 0.6171875
1 0.134375 0.5609375 0.2328125 0.5609375 0.2328125 0.625 0.134375 0.625
1 0.1421875 0.625 0.2421875 0.625 0.2421875 0.715625 0.1421875 0.715625
1 0.05625 0.4796875 0.1125 0.4796875 0.1125 0.6046875 0.05625 0.6046875
1 0 0.425 0.075 0.425 0.075 0.5171875 0 0.5171875
1 0.2609375 0.171875 0.353125 0.171875 0.353125 0.2671875 0.2609375 0.2671875
1 0.396875 0 0.4703125 0 0.4703125 0.1296875 0.396875 0.1296875
1 0.628125 0.1765625 0.740625 0.1765625 0.740625 0.2375 0.628125 0.2375
1 0.7765625 0.225 0.8515625 0.225 0.8515625 0.35625 0.7765625 0.35625
1 0.840625 0.309375 0.9109375 0.309375 0.9109375 0.440625 0.840625 0.440625
1 0.8453125 0.4546875 0.903125 0.4546875 0.903125 0.5921875 0.8453125 0.5921875
1 0.6 0.571875 0.684375 0.571875 0.684375 0.6671875 0.6 0.6671875
1 0.478125 0.615625 0.5734375 0.615625 0.5734375 0.68125 0.478125 0.68125
1 0.3984375 0.6140625 0.453125 0.6140625 0.453125 0.753125 0.3984375 0.753125
1 0 0.5921875 0.075 0.5921875 0.075 0.709375 0 0.709375
1 0.5234375 0.4234375 0.571875 0.4234375 0.571875 0.56875 0.5234375 0.56875
1 0.909375 0.4421875 1 0.4421875 1 0.540625 0.909375 0.540625