0 0.25625 0.3578125 0.3921875 0.3578125 0.3921875 0.5171875 0.25625 0.5171875
1 0.1890625 0.0890625 0.2625 0.0890625 0.2625 0.23125 0.1890625 0.23125
1 0.13125 0.2078125 0.2640625 0.2078125 0.2640625 0.2984375 0.13125 0.2984375
1 0.1234375 0.3125 0.225 0.3125 0.225 0.4609375 0.1234375 0.4609375
1 0.0671875 0.5296875 0.1515625 0.5296875 0.1515625 0.6578125 0.0671875 0.6578125
0 0.5109375 0.275 0.596875 0.275 0.596875 0.4296875 0.5109375 0.4296875
0 0.515625 0.396875 0.625 0.396875 0.625 0.5328125 0.515625 0.5328125
1 0.609375 0.5421875 0.7328125 0.5421875 0.7328125 0.6546875 0.609375 0.6546875
1 0.625 0.3921875 0.703125 0.3921875 0.703125 0.5171875 0.625 0.5171875
1 0.728125 0.428125 0.81875 0.428125 0.81875 0.5625 0.728125 0.5625
1 0.59375 0.8609375 0.7734375 0.8609375 0.7734375 0.9734375 0.59375 0.9734375
0 0.265625 0.5109375 0.390625 0.5109375 0.390625 0.590625 0.265625 0.590625
1 0.8140625 0.5921875 0.9234375 0.5921875 0.9234375 0.6765625 0.8140625 0.6765625
1 0.590625 0.71875 0.66875 0.71875 0.66875 0.815625 0.590625 0.815625
1 0.3125 0.634375 0.4171875 0.634375 0.4171875 0.7484375 0.3125 0.7484375
1 0.1828125 0.6296875 0.284375 0.6296875 0.284375 0.721875 0.1828125 0.721875
1 0.090625 0.65625 0.165625 0.65625 0.165625 0.7359375 0.090625 0.7359375
1 0.2875 0.8359375 0.434375 0.8359375 0.434375 0.95 0.2875 0.95
1 0.209375 0.7984375 0.321875 0.7984375 0.321875 0.8859375 0.209375 0.8859375
0 0.765625 0.7375 0.8828125 0.7375 0.8828125 0.89375 0.765625 0.89375
1 0.4328125 0.4890625 0.4921875 0.4890625 0.4921875 0.6109375 0.4328125 0.6109375
1 0.9234375 0.58125 0.9984375 0.58125 0.9984375 0.725 0.9234375 0.725
1 0.815625 0.66875 0.9453125 0.66875 0.9453125 0.74375 0.815625 0.74375
1 0.0140625 0.746875 0.1328125 0.746875 0.1328125 0.8359375 0.0140625 0.8359375
1 0 0.6421875 0.0953125 0.6421875 0.0953125 0.7328125 0 0.7328125
1 0.3921875 0.609375 0.4859375 0.609375 0.4859375 0.7296875 0.3921875 0.7296875
1 0.415625 0.7421875 0.5234375 0.7421875 0.5234375 0.8296875 0.415625 0.8296875
1 0.1828125 0.759375 0.303125 0.759375 0.303125 0.8171875 0.1828125 0.8171875
1 0.5109375 0.5015625 0.5890625 0.5015625 0.5890625 0.6390625 0.5109375 0.6390625