0 0.3390625 0 0.4296875 0 0.4296875 0.175 0.3390625 0.175
0 0.146875 0.434375 0.234375 0.434375 0.234375 0.5796875 0.146875 0.5796875
0 0.340625 0.58125 0.446875 0.58125 0.446875 0.696875 0.340625 0.696875
0 0.0265625 0.640625 0.15 0.640625 0.15 0.734375 0.0265625 0.734375
1 0.0421875 0.4703125 0.1265625 0.4703125 0.1265625 0.55625 0.0421875 0.55625
1 0.2140625 0.359375 0.284375 0.359375 0.284375 0.5 0.2140625 0.5
1 0.403125 0.5140625 0.4703125 0.5140625 0.4703125 0.6328125 0.403125 0.6328125
1 0.76875 0.4296875 0.8203125 0.4296875 0.8203125 0.5796875 0.76875 0.5796875
1 0.828125 0.55625 0.871875 0.55625 0.871875 0.7109375 0.828125 0.7109375
1 0.43125 0.0625 0.5375 0.0625 0.5375 0.125 0.43125 0.125
1 0.78125 0.0640625 0.8734375 0.0640625 0.8734375 0.153125 0.78125 0.153125
1 0.084375 0.096875 0.1796875 0.096875 0.1796875 0.1671875 0.084375 0.1671875
1 0.225 0.5796875 0.315625 0.5796875 0.315625 0.7234375 0.225 0.7234375