0 0.575 0.321875 0.6515625 0.321875 0.6515625 0.4671875 0.575 0.4671875
0 0.653125 0.38125 0.721875 0.38125 0.721875 0.5453125 0.653125 0.5453125
0 0.5046875 0.00625 0.5546875 0.00625 0.5546875 0.1671875 0.5046875 0.1671875
0 0.4203125 0.2296875 0.484375 0.2296875 0.484375 0.3890625 0.4203125 0.3890625
0 0.3234375 0.53125 0.378125 0.53125 0.378125 0.6859375 0.3234375 0.6859375
0 0.25 0.6875 0.3703125 0.6875 0.3703125 0.803125 0.25 0.803125
1 0.6078125 0.4859375 0.65625 0.4859375 0.65625 0.625 0.6078125 0.625
1 0.546875 0.453125 0.596875 0.453125 0.596875 0.575 0.546875 0.575
1 0.5265625 0.590625 0.5875 0.590625 0.5875 0.715625 0.5265625 0.715625
1 0.5171875 0.3328125 0.5625 0.3328125 0.5625 0.46875 0.5171875 0.46875
1 0.4671875 0.340625 0.5234375 0.340625 0.5234375 0.4546875 0.4671875 0.4546875
1 0.5125 0.2296875 0.6078125 0.2296875 0.6078125 0.325 0.5125 0.325
1 0.5 0.175 0.5890625 0.175 0.5890625 0.2390625 0.5 0.2390625
1 0.6859375 0.0734375 0.740625 0.0734375 0.740625 0.246875 0.6859375 0.246875
1 0.3296875 0.0125 0.3890625 0.0125 0.3890625 0.146875 0.3296875 0.146875
1 0.1921875 0.071875 0.278125 0.071875 0.278125 0.1796875 0.1921875 0.1796875
1 0.35 0.2015625 0.4515625 0.2015625 0.4515625 0.284375 0.35 0.284375
1 0.3390625 0.41875 0.428125 0.41875 0.428125 0.515625 0.3390625 0.515625
1 0.25625 0.525 0.3046875 0.525 0.3046875 0.66875 0.25625 0.66875
1 0.1890625 0.428125 0.25 0.428125 0.25 0.5578125 0.1890625 0.5578125
1 0.14375 0.440625 0.1890625 0.440625 0.1890625 0.5875 0.14375 0.5875
1 0.05 0.659375 0.15625 0.659375 0.15625 0.715625 0.05 0.715625
1 0.721875 0.765625 0.83125 0.765625 0.83125 0.8234375 0.721875 0.8234375