0 0.3984375 0.278125 0.4640625 0.278125 0.4640625 0.471875 0.3984375 0.471875
0 0.1265625 0.6328125 0.2484375 0.6328125 0.2484375 0.740625 0.1265625 0.740625
0 0.6171875 0.6734375 0.690625 0.6734375 0.690625 0.8296875 0.6171875 0.8296875
1 0.56875 0.3234375 0.6375 0.3234375 0.6375 0.4484375 0.56875 0.4484375
1 0.65625 0.3609375 0.7546875 0.3609375 0.7546875 0.4171875 0.65625 0.4171875
1 0.778125 0.5046875 0.8578125 0.5046875 0.8578125 0.6296875 0.778125 0.6296875
1 0.9109375 0.615625 0.9609375 0.615625 0.9609375 0.778125 0.9109375 0.778125
1 0.809375 0.628125 0.8984375 0.628125 0.8984375 0.721875 0.809375 0.721875
1 0.609375 0.60625 0.703125 0.60625 0.703125 0.6875 0.609375 0.6875
1 0.5046875 0.48125 0.578125 0.48125 0.578125 0.6015625 0.5046875 0.6015625
1 0.4796875 0.3953125 0.5296875 0.3953125 0.5296875 0.5328125 0.4796875 0.5328125
1 0.615625 0.40625 0.6671875 0.40625 0.6671875 0.5421875 0.615625 0.5421875
1 0.74375 0.3484375 0.8375 0.3484375 0.8375 0.478125 0.74375 0.478125
1 0.15 0.159375 0.2484375 0.159375 0.2484375 0.25625 0.15 0.25625
1 0.1453125 0.0578125 0.253125 0.0578125 0.253125 0.1359375 0.1453125 0.1359375
1 0.0609375 0.2625 0.1421875 0.2625 0.1421875 0.4 0.0609375 0.4
1 0.1703125 0.54375 0.246875 0.54375 0.246875 0.659375 0.1703125 0.659375
1 0.0140625 0.6703125 0.084375 0.6703125 0.084375 0.7828125 0.0140625 0.7828125
1 0.440625 0.5859375 0.5328125 0.5859375 0.5328125 0.653125 0.440625 0.653125
1 0.371875 0.5578125 0.434375 0.5578125 0.434375 0.690625 0.371875 0.690625
1 0.3265625 0.6078125 0.378125 0.6078125 0.378125 0.7421875 0.3265625 0.7421875
1 0.5390625 0.65 0.584375 0.65 0.584375 0.7640625 0.5390625 0.7640625