0 0.384375 0.1328125 0.49375 0.1328125 0.49375 0.2828125 0.384375 0.2828125
1 0.475 0.228125 0.5734375 0.228125 0.5734375 0.3515625 0.475 0.3515625
0 0.2 0.253125 0.2734375 0.253125 0.2734375 0.4171875 0.2 0.4171875
1 0.2578125 0.56875 0.321875 0.56875 0.321875 0.7015625 0.2578125 0.7015625
1 0.0203125 0.5921875 0.121875 0.5921875 0.121875 0.696875 0.0203125 0.696875
1 0.2140625 0.6734375 0.309375 0.6734375 0.309375 0.778125 0.2140625 0.778125
1 0.3171875 0.6046875 0.421875 0.6046875 0.421875 0.696875 0.3171875 0.696875
1 0.325 0.528125 0.4546875 0.528125 0.4546875 0.6015625 0.325 0.6015625
1 0.4640625 0.540625 0.5359375 0.540625 0.5359375 0.6875 0.4640625 0.6875
0 0.6078125 0.5015625 0.6796875 0.5015625 0.6796875 0.65625 0.6078125 0.65625
1 0.8703125 0.5390625 0.9484375 0.5390625 0.9484375 0.6703125 0.8703125 0.6703125
1 0.5125 0.6296875 0.5796875 0.6296875 0.5796875 0.7578125 0.5125 0.7578125
1 0.0921875 0.3421875 0.1625 0.3421875 0.1625 0.4359375 0.0921875 0.4359375
1 0.00625 0.3234375 0.1 0.3234375 0.1 0.4203125 0.00625 0.4203125
1 0.1640625 0.8265625 0.3 0.8265625 0.3 0.975 0.1640625 0.975
1 0.421875 0.825 0.5484375 0.825 0.5484375 0.8859375 0.421875 0.8859375
1 0.796875 0.7375 0.8984375 0.7375 0.8984375 0.8296875 0.796875 0.8296875
1 0.5328125 0.7375 0.65 0.7375 0.65 0.8328125 0.5328125 0.8328125
1 0.265625 0.75 0.3890625 0.75 0.3890625 0.840625 0.265625 0.840625
1 0.6703125 0.5765625 0.74375 0.5765625 0.74375 0.7140625 0.6703125 0.7140625
1 0.1046875 0.7359375 0.2234375 0.7359375 0.2234375 0.821875 0.1046875 0.821875
1 0.9109375 0.7078125 0.959375 0.7078125 0.959375 0.8375 0.9109375 0.8375
1 0.31875 0.709375 0.4359375 0.709375 0.4359375 0.7859375 0.31875 0.7859375
1 0.4671875 0.7 0.509375 0.7 0.509375 0.8140625 0.4671875 0.8140625
1 0.70625 0.559375 0.7671875 0.559375 0.7671875 0.646875 0.70625 0.646875
1 0.7765625 0.653125 0.834375 0.653125 0.834375 0.778125 0.7765625 0.778125