0 0.8515625 0.4390625 0.928125 0.4390625 0.928125 0.64375 0.8515625 0.64375
0 0.7140625 0.5734375 0.8453125 0.5734375 0.8453125 0.6609375 0.7140625 0.6609375
0 0.8609375 0.6421875 0.9765625 0.6421875 0.9765625 0.721875 0.8609375 0.721875
0 0.4296875 0.384375 0.509375 0.384375 0.509375 0.553125 0.4296875 0.553125
0 0.259375 0.6171875 0.3453125 0.6171875 0.3453125 0.7546875 0.259375 0.7546875
0 0.1640625 0.6484375 0.246875 0.6484375 0.246875 0.7609375 0.1640625 0.7609375
0 0.0421875 0.671875 0.134375 0.671875 0.134375 0.7984375 0.0421875 0.7984375
1 0.0671875 0.5546875 0.178125 0.5546875 0.178125 0.6515625 0.0671875 0.6515625
1 0.5171875 0.340625 0.571875 0.340625 0.571875 0.5125 0.5171875 0.5125
1 0.56875 0.603125 0.6265625 0.603125 0.6265625 0.740625 0.56875 0.740625
1 0.8546875 0.3515625 0.95 0.3515625 0.95 0.440625 0.8546875 0.440625
1 0.7046875 0.3203125 0.771875 0.3203125 0.771875 0.4328125 0.7046875 0.4328125
1 0.565625 0.115625 0.66875 0.115625 0.66875 0.178125 0.565625 0.178125
1 0.553125 0.034375 0.634375 0.034375 0.634375 0.125 0.553125 0.125
1 0.3859375 0.2953125 0.44375 0.2953125 0.44375 0.4484375 0.3859375 0.4484375
1 0.328125 0.2171875 0.38125 0.2171875 0.38125 0.3796875 0.328125 0.3796875
1 0.3609375 0.5578125 0.45 0.5578125 0.45 0.659375 0.3609375 0.659375
1 0.0578125 0 0.1375 0 0.1375 0.103125 0.0578125 0.103125