0 0.4421875 0.534375 0.51875 0.534375 0.51875 0.6953125 0.4421875 0.6953125
0 0.9109375 0.26875 0.971875 0.26875 0.971875 0.425 0.9109375 0.425
0 0.809375 0.1796875 0.9390625 0.1796875 0.9390625 0.2921875 0.809375 0.2921875
0 0.753125 0.34375 0.85625 0.34375 0.85625 0.4703125 0.753125 0.4703125
0 0.6234375 0.24375 0.725 0.24375 0.725 0.3703125 0.6234375 0.3703125
0 0.540625 0 0.61875 0 0.61875 0.1234375 0.540625 0.1234375
0 0.5703125 0.6296875 0.671875 0.6296875 0.671875 0.7546875 0.5703125 0.7546875
0 0.346875 0.578125 0.425 0.578125 0.425 0.7265625 0.346875 0.7265625
1 0.6921875 0.0359375 0.7890625 0.0359375 0.7890625 0.109375 0.6921875 0.109375
1 0.5109375 0.115625 0.5640625 0.115625 0.5640625 0.240625 0.5109375 0.240625
1 0.4484375 0.3515625 0.54375 0.3515625 0.54375 0.4171875 0.4484375 0.4171875
1 0.809375 0.4390625 0.85625 0.4390625 0.85625 0.5734375 0.809375 0.5734375
1 0.6875 0.621875 0.784375 0.621875 0.784375 0.715625 0.6875 0.715625
1 0.5140625 0.4984375 0.559375 0.4984375 0.559375 0.621875 0.5140625 0.621875
1 0.25 0.6484375 0.296875 0.6484375 0.296875 0.7765625 0.25 0.7765625
1 0.1703125 0.653125 0.2171875 0.653125 0.2171875 0.784375 0.1703125 0.784375
1 0.0515625 0.5546875 0.1046875 0.5546875 0.1046875 0.70625 0.0515625 0.70625
1 0.05 0.7453125 0.1484375 0.7453125 0.1484375 0.803125 0.05 0.803125
1 0.55 0.759375 0.6640625 0.759375 0.6640625 0.815625 0.55 0.815625
1 0.8578125 0.6796875 0.915625 0.6796875 0.915625 0.7796875 0.8578125 0.7796875
1 0.7796875 0.684375 0.840625 0.684375 0.840625 0.7765625 0.7796875 0.7765625
1 0.5046875 0.6046875 0.596875 0.6046875 0.596875 0.7 0.5046875 0.7
1 0 0.6734375 0.090625 0.6734375 0.090625 0.74375 0 0.74375