0 0.8671875 0.0984375 0.9765625 0.0984375 0.9765625 0.240625 0.8671875 0.240625
0 0.503125 0.4734375 0.55625 0.4734375 0.55625 0.640625 0.503125 0.640625
0 0.284375 0.59375 0.40625 0.59375 0.40625 0.6890625 0.284375 0.6890625
1 0.4296875 0.334375 0.51875 0.334375 0.51875 0.428125 0.4296875 0.428125
1 0.9171875 0.2734375 0.996875 0.2734375 0.996875 0.4 0.9171875 0.4
1 0.046875 0.33125 0.14375 0.33125 0.14375 0.4421875 0.046875 0.4421875
1 0.09375 0.4625 0.1984375 0.4625 0.1984375 0.5453125 0.09375 0.5453125
1 0 0.55625 0.125 0.55625 0.125 0.6265625 0 0.6265625
1 0.3078125 0.396875 0.3625 0.396875 0.3625 0.5296875 0.3078125 0.5296875
1 0.3109375 0.503125 0.403125 0.503125 0.403125 0.6 0.3109375 0.6
1 0.2109375 0.5734375 0.2703125 0.5734375 0.2703125 0.73125 0.2109375 0.73125
1 0.0796875 0.615625 0.18125 0.615625 0.18125 0.7109375 0.0796875 0.7109375
1 0.7125 0.63125 0.796875 0.63125 0.796875 0.7390625 0.7125 0.7390625
1 0.6546875 0.365625 0.7296875 0.365625 0.7296875 0.459375 0.6546875 0.459375
1 0.621875 0.440625 0.6703125 0.440625 0.6703125 0.571875 0.621875 0.571875
1 0.540625 0.5921875 0.609375 0.5921875 0.609375 0.709375 0.540625 0.709375