0 0.384375 0.278125 0.465625 0.278125 0.465625 0.434375 0.384375 0.434375
0 0.1046875 0.25 0.1640625 0.25 0.1640625 0.4265625 0.1046875 0.4265625
0 0.340625 0.5484375 0.39375 0.5484375 0.39375 0.71875 0.340625 0.71875
0 0.3640625 0.1734375 0.475 0.1734375 0.475 0.278125 0.3640625 0.278125
0 0.69375 0.403125 0.7734375 0.403125 0.7734375 0.5671875 0.69375 0.5671875
0 0.06875 0.71875 0.2 0.71875 0.2 0.79375 0.06875 0.79375
0 0.81875 0.2984375 0.959375 0.2984375 0.959375 0.3953125 0.81875 0.3953125
1 0.76875 0.46875 0.8375 0.46875 0.8375 0.5953125 0.76875 0.5953125
1 0.6375 0.41875 0.6890625 0.41875 0.6890625 0.5625 0.6375 0.5625
1 0.5734375 0.409375 0.6234375 0.409375 0.6234375 0.5453125 0.5734375 0.5453125
1 0.621875 0.2859375 0.6671875 0.2859375 0.6671875 0.4234375 0.621875 0.4234375
1 0.7234375 0.2671875 0.7953125 0.2671875 0.7953125 0.39375 0.7234375 0.39375
1 0.6921875 0.075 0.7828125 0.075 0.7828125 0.1671875 0.6921875 0.1671875
1 0.2953125 0.2796875 0.3671875 0.2796875 0.3671875 0.403125 0.2953125 0.403125
1 0.2515625 0.54375 0.3109375 0.54375 0.3109375 0.6984375 0.2515625 0.6984375
1 0.15625 0.5546875 0.2453125 0.5546875 0.2453125 0.6671875 0.15625 0.6671875
1 0.090625 0 0.1734375 0 0.1734375 0.1171875 0.090625 0.1171875
1 0.859375 0.175 0.9625 0.175 0.9625 0.253125 0.859375 0.253125
1 0.790625 0.1734375 0.85 0.1734375 0.85 0.2984375 0.790625 0.2984375
1 0.546875 0.56875 0.621875 0.56875 0.621875 0.7 0.546875 0.7
1 0.8734375 0.628125 0.940625 0.628125 0.940625 0.7640625 0.8734375 0.7640625
1 0.828125 0.578125 0.878125 0.578125 0.878125 0.7203125 0.828125 0.7203125
1 0.475 0.5671875 0.5484375 0.5671875 0.5484375 0.675 0.475 0.675
1 0.91875 0.490625 1 0.490625 1 0.553125 0.91875 0.553125