0 0.3765625 0.53125 0.475 0.53125 0.475 0.6703125 0.3765625 0.6703125
0 0.4296875 0.7234375 0.5546875 0.7234375 0.5546875 0.8171875 0.4296875 0.8171875
0 0.884375 0.5484375 0.99375 0.5484375 0.99375 0.6671875 0.884375 0.6671875
0 0.540625 0.3421875 0.59375 0.3421875 0.59375 0.5015625 0.540625 0.5015625
1 0.80625 0.321875 0.915625 0.321875 0.915625 0.409375 0.80625 0.409375
1 0.746875 0.209375 0.796875 0.209375 0.796875 0.340625 0.746875 0.340625
1 0.6796875 0.346875 0.7828125 0.346875 0.7828125 0.40625 0.6796875 0.40625
1 0.6484375 0.371875 0.725 0.371875 0.725 0.4796875 0.6484375 0.4796875
1 0.7109375 0.4671875 0.78125 0.4671875 0.78125 0.5796875 0.7109375 0.5796875
1 0.6203125 0.4234375 0.665625 0.4234375 0.665625 0.5578125 0.6203125 0.5578125
1 0.578125 0.546875 0.6609375 0.546875 0.6609375 0.66875 0.578125 0.66875
1 0.4328125 0.378125 0.5375 0.378125 0.5375 0.4734375 0.4328125 0.4734375
1 0.3734375 0.034375 0.4328125 0.034375 0.4328125 0.165625 0.3734375 0.165625
1 0.228125 0.15625 0.2828125 0.15625 0.2828125 0.2921875 0.228125 0.2921875
1 0.2734375 0.2703125 0.34375 0.2703125 0.34375 0.39375 0.2734375 0.39375
1 0.14375 0.3375 0.234375 0.3375 0.234375 0.4359375 0.14375 0.4359375
1 0.06875 0.41875 0.184375 0.41875 0.184375 0.4828125 0.06875 0.4828125
1 0.06875 0.290625 0.1578125 0.290625 0.1578125 0.415625 0.06875 0.415625
1 0.0140625 0.3625 0.075 0.3625 0.075 0.4984375 0.0140625 0.4984375
1 0.0734375 0.5453125 0.128125 0.5453125 0.128125 0.6734375 0.0734375 0.6734375
1 0.2578125 0.53125 0.33125 0.53125 0.33125 0.6640625 0.2578125 0.6640625
1 0.1234375 0.6484375 0.178125 0.6484375 0.178125 0.7875 0.1234375 0.7875
1 0.9171875 0.659375 0.96875 0.659375 0.96875 0.7765625 0.9171875 0.7765625
1 0.4625 0.521875 0.540625 0.521875 0.540625 0.628125 0.4625 0.628125
1 0.0546875 0.7796875 0.1734375 0.7796875 0.1734375 0.8515625 0.0546875 0.8515625