0 0.8359375 0.196875 0.94375 0.196875 0.94375 0.30625 0.8359375 0.30625
0 0.790625 0.2828125 0.8859375 0.2828125 0.8859375 0.415625 0.790625 0.415625
0 0.3421875 0.4125 0.3953125 0.4125 0.3953125 0.5671875 0.3421875 0.5671875
0 0.23125 0.0484375 0.3125 0.0484375 0.3125 0.21875 0.23125 0.21875
0 0.4421875 0.5421875 0.5125 0.5421875 0.5125 0.69375 0.4421875 0.69375
0 0.8296875 0.5296875 0.946875 0.5296875 0.946875 0.6390625 0.8296875 0.6390625
1 0.428125 0.421875 0.48125 0.421875 0.48125 0.55 0.428125 0.55
1 0.628125 0.3953125 0.675 0.3953125 0.675 0.521875 0.628125 0.521875
1 0.9375 0.109375 1 0.109375 1 0.215625 0.9375 0.215625
1 0.3609375 0.2671875 0.459375 0.2671875 0.459375 0.371875 0.3609375 0.371875
1 0.0609375 0.0734375 0.1328125 0.0734375 0.1328125 0.2125 0.0609375 0.2125
1 0 0.1796875 0.078125 0.1796875 0.078125 0.3234375 0 0.3234375
1 0 0.409375 0.109375 0.409375 0.109375 0.496875 0 0.496875
1 0.1328125 0.5890625 0.2390625 0.5890625 0.2390625 0.68125 0.1328125 0.68125
1 0.6453125 0.5921875 0.740625 0.5921875 0.740625 0.675 0.6453125 0.675
1 0.615625 0.51875 0.7 0.51875 0.7 0.6421875 0.615625 0.6421875
1 0.390625 0.55625 0.465625 0.55625 0.465625 0.665625 0.390625 0.665625
1 0.3046875 0.540625 0.3546875 0.540625 0.3546875 0.665625 0.3046875 0.665625
1 0.5578125 0.3390625 0.6171875 0.3390625 0.6171875 0.4828125 0.5578125 0.4828125