0 0.1515625 0.5890625 0.228125 0.5890625 0.228125 0.7328125 0.1515625 0.7328125
0 0.240625 0.56875 0.2984375 0.56875 0.2984375 0.7234375 0.240625 0.7234375
0 0.296875 0.56875 0.371875 0.56875 0.371875 0.7140625 0.296875 0.7140625
0 0.3015625 0.475 0.396875 0.475 0.396875 0.6125 0.3015625 0.6125
0 0.3921875 0.553125 0.471875 0.553125 0.471875 0.703125 0.3921875 0.703125
0 0.41875 0.2484375 0.509375 0.2484375 0.509375 0.3984375 0.41875 0.3984375
0 0.384375 0.10625 0.490625 0.10625 0.490625 0.2421875 0.384375 0.2421875
0 0.0171875 0.1796875 0.078125 0.1796875 0.078125 0.3515625 0.0171875 0.3515625
1 0.553125 0.3171875 0.6078125 0.3171875 0.6078125 0.45 0.553125 0.45
1 0.728125 0.3640625 0.7796875 0.3640625 0.7796875 0.5078125 0.728125 0.5078125
1 0.809375 0.4515625 0.9046875 0.4515625 0.9046875 0.5375 0.809375 0.5375
1 0.5046875 0.096875 0.5859375 0.096875 0.5859375 0.209375 0.5046875 0.209375
1 0.36875 0.440625 0.4453125 0.440625 0.4453125 0.5484375 0.36875 0.5484375
1 0.434375 0.4359375 0.503125 0.4359375 0.503125 0.56875 0.434375 0.56875
1 0.4734375 0.3859375 0.55 0.3859375 0.55 0.5 0.4734375 0.5
1 0.5078125 0.49375 0.5859375 0.49375 0.5859375 0.60625 0.5078125 0.60625
1 0.53125 0.609375 0.5875 0.609375 0.5875 0.7421875 0.53125 0.7421875
1 0.640625 0.5765625 0.7390625 0.5765625 0.7390625 0.6625 0.640625 0.6625
1 0.7359375 0.590625 0.834375 0.590625 0.834375 0.665625 0.7359375 0.665625
1 0.653125 0.6578125 0.7671875 0.6578125 0.7671875 0.7296875 0.653125 0.7296875
1 0.8671875 0.540625 0.93125 0.540625 0.93125 0.675 0.8671875 0.675
1 0.153125 0 0.2078125 0 0.2078125 0.115625 0.153125 0.115625
1 0.196875 0.425 0.259375 0.425 0.259375 0.5625 0.196875 0.5625
1 0.253125 0.4296875 0.325 0.4296875 0.325 0.5390625 0.253125 0.5390625
1 0.475 0.6171875 0.521875 0.6171875 0.521875 0.7515625 0.475 0.7515625
0 0.109375 0.365625 0.209375 0.365625 0.209375 0.490625 0.109375 0.490625
1 0.378125 0.271875 0.4296875 0.271875 0.4296875 0.3875 0.378125 0.3875
1 0.7890625 0.6515625 0.8875 0.6515625 0.8875 0.74375 0.7890625 0.74375
1 0.965625 0.5078125 1 0.5078125 1 0.634375 0.965625 0.634375