0 0.6234375 0.1625 0.7125 0.1625 0.7125 0.33125 0.6234375 0.33125
0 0.528125 0.6640625 0.6421875 0.6640625 0.6421875 0.78125 0.528125 0.78125
1 0.703125 0.5203125 0.8234375 0.5203125 0.8234375 0.59375 0.703125 0.59375
1 0.778125 0.421875 0.9078125 0.421875 0.9078125 0.4953125 0.778125 0.4953125
1 0.8640625 0.525 0.9890625 0.525 0.9890625 0.59375 0.8640625 0.59375
1 0.934375 0.6 0.9984375 0.6 0.9984375 0.7375 0.934375 0.7375
1 0.26875 0 0.3578125 0 0.3578125 0.1171875 0.26875 0.1171875
1 0.0546875 0.2984375 0.134375 0.2984375 0.134375 0.4234375 0.0546875 0.4234375
1 0.028125 0.6296875 0.0734375 0.6296875 0.0734375 0.75625 0.028125 0.75625
1 0.353125 0.675 0.403125 0.675 0.403125 0.821875 0.353125 0.821875
1 0.653125 0.6546875 0.709375 0.6546875 0.709375 0.7953125 0.653125 0.7953125
1 0.109375 0.553125 0.1859375 0.553125 0.1859375 0.6890625 0.109375 0.6890625
0 0.1921875 0.684375 0.278125 0.684375 0.278125 0.8234375 0.1921875 0.8234375