0 0.115625 0.25625 0.196875 0.25625 0.196875 0.4109375 0.115625 0.4109375
0 0.3109375 0.3234375 0.384375 0.3234375 0.384375 0.471875 0.3109375 0.471875
0 0.425 0.33125 0.4796875 0.33125 0.4796875 0.490625 0.425 0.490625
0 0.56875 0.5953125 0.6484375 0.5953125 0.6484375 0.7484375 0.56875 0.7484375
0 0.2484375 0.5671875 0.3203125 0.5671875 0.3203125 0.715625 0.2484375 0.715625
0 0.0828125 0.71875 0.203125 0.71875 0.203125 0.79375 0.0828125 0.79375
1 0.184375 0.4984375 0.2453125 0.4984375 0.2453125 0.64375 0.184375 0.64375
1 0.353125 0.2421875 0.396875 0.2421875 0.396875 0.365625 0.353125 0.365625
1 0.40625 0.134375 0.4515625 0.134375 0.4515625 0.278125 0.40625 0.278125
1 0.475 0.18125 0.5375 0.18125 0.5375 0.3 0.475 0.3
1 0.703125 0.30625 0.778125 0.30625 0.778125 0.4046875 0.703125 0.4046875
1 0.7890625 0.4265625 0.8953125 0.4265625 0.8953125 0.496875 0.7890625 0.496875
1 0.728125 0.49375 0.784375 0.49375 0.784375 0.63125 0.728125 0.63125
1 0.7765625 0.496875 0.8859375 0.496875 0.8859375 0.5875 0.7765625 0.5875
1 0.7984375 0.5765625 0.8515625 0.5765625 0.8515625 0.7 0.7984375 0.7
1 0.853125 0.6203125 0.940625 0.6203125 0.940625 0.68125 0.853125 0.68125
1 0.5 0.5609375 0.5953125 0.5609375 0.5953125 0.646875 0.5 0.646875
1 0.3953125 0.553125 0.4453125 0.553125 0.4453125 0.6875 0.3953125 0.6875
1 0.409375 0.4328125 0.459375 0.4328125 0.459375 0.559375 0.409375 0.559375
1 0.4796875 0.6375 0.5390625 0.6375 0.5390625 0.75 0.4796875 0.75
1 0.134375 0.059375 0.209375 0.059375 0.209375 0.184375 0.134375 0.184375
1 0 0.2171875 0.08125 0.2171875 0.08125 0.2859375 0 0.2859375
1 0.6171875 0.034375 0.7140625 0.034375 0.7140625 0.1046875 0.6171875 0.1046875
1 0.14375 0.6484375 0.2203125 0.6484375 0.2203125 0.74375 0.14375 0.74375
1 0.3265625 0.634375 0.38125 0.634375 0.38125 0.7515625 0.3265625 0.7515625
1 0.7046875 0.6328125 0.7921875 0.6328125 0.7921875 0.721875 0.7046875 0.721875
1 0.75625 0.090625 0.846875 0.090625 0.846875 0.196875 0.75625 0.196875