0 0.834375 0.2203125 0.903125 0.2203125 0.903125 0.3921875 0.834375 0.3921875
1 0.290625 0.2578125 0.3609375 0.2578125 0.3609375 0.4015625 0.290625 0.4015625
1 0.140625 0.1453125 0.2328125 0.1453125 0.2328125 0.259375 0.140625 0.259375
1 0.340625 0.5078125 0.4484375 0.5078125 0.4484375 0.625 0.340625 0.625
1 0.5453125 0.54375 0.6453125 0.54375 0.6453125 0.6421875 0.5453125 0.6421875
1 0.79375 0.6046875 0.884375 0.6046875 0.884375 0.725 0.79375 0.725
1 0.875 0.578125 1 0.578125 1 0.653125 0.875 0.653125
1 0.921875 0.6640625 1 0.6640625 1 0.8046875 0.921875 0.8046875
1 0.16875 0.6171875 0.2734375 0.6171875 0.2734375 0.7421875 0.16875 0.7421875
1 0.653125 0.659375 0.7515625 0.659375 0.7515625 0.7765625 0.653125 0.7765625
1 0.5890625 0.6421875 0.66875 0.6421875 0.66875 0.7796875 0.5890625 0.7796875
0 0.4265625 0.603125 0.5234375 0.603125 0.5234375 0.7359375 0.4265625 0.7359375
1 0.484375 0.5203125 0.5375 0.5203125 0.5375 0.6703125 0.484375 0.6703125
1 0.7453125 0.7046875 0.8390625 0.7046875 0.8390625 0.8046875 0.7453125 0.8046875
1 0.0515625 0.734375 0.15 0.734375 0.15 0.815625 0.0515625 0.815625
1 0.2453125 0.7421875 0.34375 0.7421875 0.34375 0.815625 0.2453125 0.815625