0 0.3984375 0.2578125 0.475 0.2578125 0.475 0.4109375 0.3984375 0.4109375
0 0.4796875 0.59375 0.6 0.59375 0.6 0.671875 0.4796875 0.671875
0 0.390625 0.45 0.5 0.45 0.5 0.565625 0.390625 0.565625
1 0.525 0.50625 0.63125 0.50625 0.63125 0.5703125 0.525 0.5703125
1 0.584375 0.3734375 0.6328125 0.3734375 0.6328125 0.5125 0.584375 0.5125
1 0.653125 0.3375 0.7234375 0.3375 0.7234375 0.45625 0.653125 0.45625
1 0.6609375 0.2078125 0.7453125 0.2078125 0.7453125 0.3109375 0.6609375 0.3109375
1 0.78125 0.0859375 0.8625 0.0859375 0.8625 0.196875 0.78125 0.196875
1 0.846875 0.4375 0.965625 0.4375 0.965625 0.50625 0.846875 0.50625
1 0.871875 0.515625 0.98125 0.515625 0.98125 0.603125 0.871875 0.603125
0 0.8640625 0.6078125 1 0.6078125 1 0.703125 0.8640625 0.703125
0 0.703125 0.6203125 0.825 0.6203125 0.825 0.765625 0.703125 0.765625
0 0.1328125 0.6171875 0.2390625 0.6171875 0.2390625 0.75625 0.1328125 0.75625
0 0.0578125 0.5953125 0.1203125 0.5953125 0.1203125 0.76875 0.0578125 0.76875
1 0.06875 0.1890625 0.134375 0.1890625 0.134375 0.31875 0.06875 0.31875
1 0.0546875 0.090625 0.121875 0.090625 0.121875 0.196875 0.0546875 0.196875
1 0.125 0 0.2046875 0 0.2046875 0.121875 0.125 0.121875
1 0.5984375 0.559375 0.6515625 0.559375 0.6515625 0.6828125 0.5984375 0.6828125
1 0.3796875 0.55625 0.45625 0.55625 0.45625 0.6703125 0.3796875 0.6703125
1 0.08125 0.4453125 0.165625 0.4453125 0.165625 0.54375 0.08125 0.54375
1 0.015625 0.365625 0.0890625 0.365625 0.0890625 0.4578125 0.015625 0.4578125