0 0.0546875 0.61875 0.171875 0.61875 0.171875 0.69375 0.0546875 0.69375
0 0 0.6984375 0.1109375 0.6984375 0.1109375 0.7875 0 0.7875
0 0.090625 0.06875 0.159375 0.06875 0.159375 0.2375 0.090625 0.2375
0 0.3375 0.240625 0.4171875 0.240625 0.4171875 0.4078125 0.3375 0.4078125
0 0.515625 0.334375 0.64375 0.334375 0.64375 0.434375 0.515625 0.434375
0 0.278125 0.65 0.390625 0.65 0.390625 0.784375 0.278125 0.784375
1 0.0609375 0.4015625 0.1171875 0.4015625 0.1171875 0.53125 0.0609375 0.53125
1 0.1234375 0.390625 0.1765625 0.390625 0.1765625 0.5140625 0.1234375 0.5140625
1 0.2046875 0.4453125 0.2984375 0.4453125 0.2984375 0.521875 0.2046875 0.521875
1 0.071875 0.54375 0.1734375 0.54375 0.1734375 0.6109375 0.071875 0.6109375
1 0.2984375 0.4640625 0.35625 0.4640625 0.35625 0.590625 0.2984375 0.590625
1 0.3984375 0.5953125 0.4578125 0.5953125 0.4578125 0.728125 0.3984375 0.728125
1 0.1640625 0.7421875 0.228125 0.7421875 0.228125 0.8671875 0.1640625 0.8671875
1 0.46875 0.6359375 0.5125 0.6359375 0.5125 0.7578125 0.46875 0.7578125
1 0.58125 0.6421875 0.6578125 0.6421875 0.6578125 0.75625 0.58125 0.75625
1 0.659375 0.61875 0.725 0.61875 0.725 0.7453125 0.659375 0.7453125
1 0.4734375 0.5125 0.578125 0.5125 0.578125 0.571875 0.4734375 0.571875
1 0.721875 0.365625 0.784375 0.365625 0.784375 0.5 0.721875 0.5
1 0.815625 0.2484375 0.9125 0.2484375 0.9125 0.3515625 0.815625 0.3515625
1 0.221875 0.1875 0.309375 0.1875 0.309375 0.26875 0.221875 0.26875
1 0.2296875 0.0328125 0.309375 0.0328125 0.309375 0.1328125 0.2296875 0.1328125
1 0.509375 0.628125 0.559375 0.628125 0.559375 0.7625 0.509375 0.7625
1 0.89375 0.646875 0.9421875 0.646875 0.9421875 0.7875 0.89375 0.7875
1 0.95 0.4859375 1 0.4859375 1 0.6203125 0.95 0.6203125
1 0.915625 0.353125 0.9734375 0.353125 0.9734375 0.4703125 0.915625 0.4703125
1 0.553125 0.2234375 0.6328125 0.2234375 0.6328125 0.346875 0.553125 0.346875
1 0.1703125 0.525 0.215625 0.525 0.215625 0.6515625 0.1703125 0.6515625
1 0 0.478125 0.078125 0.478125 0.078125 0.565625 0 0.565625