0 0.915625 0.4984375 0.9921875 0.4984375 0.9921875 0.65625 0.915625 0.65625
0 0.821875 0.6484375 0.953125 0.6484375 0.953125 0.7546875 0.821875 0.7546875
1 0.309375 0.30625 0.3578125 0.30625 0.3578125 0.44375 0.309375 0.44375
1 0.3390625 0.4296875 0.415625 0.4296875 0.415625 0.521875 0.3390625 0.521875
1 0.440625 0.4046875 0.503125 0.4046875 0.503125 0.5390625 0.440625 0.5390625
1 0.5 0.525 0.5578125 0.525 0.5578125 0.6625 0.5 0.6625
1 0.4859375 0.6140625 0.546875 0.6140625 0.546875 0.7421875 0.4859375 0.7421875
1 0.684375 0.390625 0.7890625 0.390625 0.7890625 0.478125 0.684375 0.478125
1 0.796875 0.284375 0.8890625 0.284375 0.8890625 0.3734375 0.796875 0.3734375
1 0.9015625 0.2703125 0.971875 0.2703125 0.971875 0.3984375 0.9015625 0.3984375
1 0.015625 0.45 0.0734375 0.45 0.0734375 0.571875 0.015625 0.571875
1 0.2 0.6265625 0.265625 0.6265625 0.265625 0.75625 0.2 0.75625
1 0.2796875 0.565625 0.35 0.565625 0.35 0.6921875 0.2796875 0.6921875
1 0.3578125 0.5015625 0.4515625 0.5015625 0.4515625 0.596875 0.3578125 0.596875
1 0.5640625 0.65625 0.64375 0.65625 0.64375 0.765625 0.5640625 0.765625
1 0.709375 0.61875 0.8234375 0.61875 0.8234375 0.6953125 0.709375 0.6953125
1 0.8046875 0.50625 0.8984375 0.50625 0.8984375 0.6265625 0.8046875 0.6265625
1 0.834375 0.7390625 0.94375 0.7390625 0.94375 0.80625 0.834375 0.80625
1 0.25 0.1984375 0.321875 0.1984375 0.321875 0.3046875 0.25 0.3046875
1 0.153125 0 0.2234375 0 0.2234375 0.1046875 0.153125 0.1046875