0 0.4625 0.025 0.58125 0.025 0.58125 0.1421875 0.4625 0.1421875
0 0.79375 0 0.853125 0 0.853125 0.1546875 0.79375 0.1546875
0 0.7265625 0.26875 0.8375 0.26875 0.8375 0.41875 0.7265625 0.41875
0 0.8328125 0.565625 0.9265625 0.565625 0.9265625 0.7265625 0.8328125 0.7265625
0 0.0828125 0.6296875 0.196875 0.6296875 0.196875 0.7515625 0.0828125 0.7515625
0 0.2453125 0.6515625 0.34375 0.6515625 0.34375 0.765625 0.2453125 0.765625
1 0.7796875 0.4796875 0.8375 0.4796875 0.8375 0.6234375 0.7796875 0.6234375
1 0.903125 0.1765625 0.971875 0.1765625 0.971875 0.2859375 0.903125 0.2859375
1 0.540625 0.275 0.5890625 0.275 0.5890625 0.4109375 0.540625 0.4109375
1 0.4140625 0.34375 0.509375 0.34375 0.509375 0.41875 0.4140625 0.41875
1 0.5171875 0.521875 0.571875 0.521875 0.571875 0.659375 0.5171875 0.659375
1 0.4234375 0.46875 0.515625 0.46875 0.515625 0.55 0.4234375 0.55
1 0.35 0.5515625 0.4296875 0.5515625 0.4296875 0.6546875 0.35 0.6546875
1 0.4046875 0.6078125 0.4703125 0.6078125 0.4703125 0.7328125 0.4046875 0.7328125
1 0.1828125 0.478125 0.275 0.478125 0.275 0.5671875 0.1828125 0.5671875
1 0.03125 0.3765625 0.09375 0.3765625 0.09375 0.5046875 0.03125 0.5046875
1 0.2359375 0.29375 0.3421875 0.29375 0.3421875 0.375 0.2359375 0.375
1 0.3109375 0.053125 0.3609375 0.053125 0.3609375 0.1734375 0.3109375 0.1734375
1 0.3125 0 0.4015625 0 0.4015625 0.059375 0.3125 0.059375
1 0.8875 0.5015625 0.984375 0.5015625 0.984375 0.56875 0.8875 0.56875
1 0.946875 0.5875 1 0.5875 1 0.7140625 0.946875 0.7140625
1 0.8890625 0.640625 0.9453125 0.640625 0.9453125 0.759375 0.8890625 0.759375
1 0.54375 0.6703125 0.6390625 0.6703125 0.6390625 0.75625 0.54375 0.75625
1 0.3546875 0.6828125 0.44375 0.6828125 0.44375 0.7765625 0.3546875 0.7765625
1 0.065625 0.534375 0.1734375 0.534375 0.1734375 0.6109375 0.065625 0.6109375
1 0.084375 0.5890625 0.1734375 0.5890625 0.1734375 0.678125 0.084375 0.678125
1 0.6703125 0.7625 0.7765625 0.7625 0.7765625 0.8203125 0.6703125 0.8203125