0 0.525 0.2578125 0.6015625 0.2578125 0.6015625 0.4109375 0.525 0.4109375
0 0.4 0.59375 0.5203125 0.59375 0.5203125 0.671875 0.4 0.671875
0 0.5 0.45 0.609375 0.45 0.609375 0.565625 0.5 0.565625
1 0.3703125 0.50625 0.4765625 0.50625 0.4765625 0.5703125 0.3703125 0.5703125
1 0.3671875 0.3734375 0.415625 0.3734375 0.415625 0.5125 0.3671875 0.5125
1 0.2765625 0.3375 0.346875 0.3375 0.346875 0.45625 0.2765625 0.45625
1 0.2546875 0.2078125 0.3390625 0.2078125 0.3390625 0.3109375 0.2546875 0.3109375
1 0.1375 0.0859375 0.21875 0.0859375 0.21875 0.196875 0.1375 0.196875
1 0.034375 0.4375 0.153125 0.4375 0.153125 0.50625 0.034375 0.50625
1 0.01875 0.515625 0.128125 0.515625 0.128125 0.603125 0.01875 0.603125
0 0 0.6078125 0.1359375 0.6078125 0.1359375 0.703125 0 0.703125
0 0.175 0.6203125 0.296875 0.6203125 0.296875 0.765625 0.175 0.765625
0 0.7609375 0.6171875 0.8671875 0.6171875 0.8671875 0.75625 0.7609375 0.75625
0 0.8796875 0.5953125 0.9421875 0.5953125 0.9421875 0.76875 0.8796875 0.76875
1 0.865625 0.1890625 0.93125 0.1890625 0.93125 0.31875 0.865625 0.31875
1 0.878125 0.090625 0.9453125 0.090625 0.9453125 0.196875 0.878125 0.196875
1 0.7953125 0 0.875 0 0.875 0.121875 0.7953125 0.121875
1 0.3484375 0.559375 0.4015625 0.559375 0.4015625 0.6828125 0.3484375 0.6828125
1 0.54375 0.55625 0.6203125 0.55625 0.6203125 0.6703125 0.54375 0.6703125
1 0.834375 0.4453125 0.91875 0.4453125 0.91875 0.54375 0.834375 0.54375
1 0.9109375 0.365625 0.984375 0.365625 0.984375 0.4578125 0.9109375 0.4578125