0 0.053125 0.1171875 0.153125 0.1171875 0.153125 0.265625 0.053125 0.265625
0 0.465625 0.05 0.5296875 0.05 0.5296875 0.2015625 0.465625 0.2015625
0 0.3015625 0.246875 0.3859375 0.246875 0.3859375 0.4046875 0.3015625 0.4046875
0 0.1484375 0.5890625 0.209375 0.5890625 0.209375 0.753125 0.1484375 0.753125
1 0.5578125 0.4234375 0.6453125 0.4234375 0.6453125 0.54375 0.5578125 0.54375
1 0.6171875 0.60625 0.66875 0.60625 0.66875 0.7484375 0.6171875 0.7484375
1 0.6828125 0.496875 0.7515625 0.496875 0.7515625 0.6171875 0.6828125 0.6171875
1 0.7671875 0.5609375 0.865625 0.5609375 0.865625 0.625 0.7671875 0.625
1 0.7578125 0.625 0.8578125 0.625 0.8578125 0.715625 0.7578125 0.715625
1 0.8875 0.4796875 0.94375 0.4796875 0.94375 0.6046875 0.8875 0.6046875
1 0.925 0.425 1 0.425 1 0.5171875 0.925 0.5171875
1 0.646875 0.171875 0.7390625 0.171875 0.7390625 0.2671875 0.646875 0.2671875
1 0.5296875 0 0.603125 0 0.603125 0.1296875 0.5296875 0.1296875
1 0.259375 0.1765625 0.371875 0.1765625 0.371875 0.2375 0.259375 0.2375
1 0.1484375 0.225 0.2234375 0.225 0.2234375 0.35625 0.1484375 0.35625
1 0.0890625 0.309375 0.159375 0.309375 0.159375 0.440625 0.0890625 0.440625
1 0.096875 0.4546875 0.1546875 0.4546875 0.1546875 0.5921875 0.096875 0.5921875
1 0.315625 0.571875 0.4 0.571875 0.4 0.6671875 0.315625 0.6671875
1 0.4265625 0.615625 0.521875 0.615625 0.521875 0.68125 0.4265625 0.68125
1 0.546875 0.6140625 0.6015625 0.6140625 0.6015625 0.753125 0.546875 0.753125
1 0.925 0.5921875 1 0.5921875 1 0.709375 0.925 0.709375
1 0.428125 0.4234375 0.4765625 0.4234375 0.4765625 0.56875 0.428125 0.56875
1 0 0.4421875 0.090625 0.4421875 0.090625 0.540625 0 0.540625