0 0.4796875 0.353125 0.5640625 0.353125 0.5640625 0.4921875 0.4796875 0.4921875
0 0.296875 0.6203125 0.39375 0.6203125 0.39375 0.765625 0.296875 0.765625
0 0.1328125 0.1015625 0.2078125 0.1015625 0.2078125 0.259375 0.1328125 0.259375
0 0.1 0.68125 0.209375 0.68125 0.209375 0.803125 0.1 0.803125
1 0.1796875 0.515625 0.28125 0.515625 0.28125 0.59375 0.1796875 0.59375
1 0.2875 0.00625 0.365625 0.00625 0.365625 0.128125 0.2875 0.128125
1 0.6140625 0.1359375 0.7171875 0.1359375 0.7171875 0.2359375 0.6140625 0.2359375
1 0.4609375 0.25 0.528125 0.25 0.528125 0.371875 0.4609375 0.371875
1 0.5515625 0.290625 0.59375 0.290625 0.59375 0.415625 0.5515625 0.415625
1 0.4046875 0.4046875 0.465625 0.4046875 0.465625 0.528125 0.4046875 0.528125
1 0.3578125 0.5125 0.4328125 0.5125 0.4328125 0.6203125 0.3578125 0.6203125
1 0.4828125 0.534375 0.5671875 0.534375 0.5671875 0.625 0.4828125 0.625
1 0.596875 0.4375 0.696875 0.4375 0.696875 0.6 0.596875 0.6
1 0.7515625 0.51875 0.8046875 0.51875 0.8046875 0.64375 0.7515625 0.64375
1 0.7421875 0.6484375 0.803125 0.6484375 0.803125 0.771875 0.7421875 0.771875
1 0.85 0.5359375 0.9640625 0.5359375 0.9640625 0.6078125 0.85 0.6078125
1 0.884375 0.45625 0.9796875 0.45625 0.9796875 0.5390625 0.884375 0.5390625
1 0.821875 0.3234375 0.9203125 0.3234375 0.9203125 0.4 0.821875 0.4
1 0.73125 0.3046875 0.7828125 0.3046875 0.7828125 0.4484375 0.73125 0.4484375
1 0.715625 0 0.7984375 0 0.7984375 0.0734375 0.715625 0.0734375
1 0.1984375 0.2625 0.25 0.2625 0.25 0.421875 0.1984375 0.421875
1 0.1765625 0.5984375 0.2484375 0.5984375 0.2484375 0.69375 0.1765625 0.69375
1 0.259375 0.5875 0.3 0.5875 0.3 0.721875 0.259375 0.721875
1 0.0359375 0.621875 0.128125 0.621875 0.128125 0.6921875 0.0359375 0.6921875
1 0.428125 0.65625 0.5109375 0.65625 0.5109375 0.75 0.428125 0.75
1 0.49375 0.615625 0.5421875 0.615625 0.5421875 0.7390625 0.49375 0.7390625
0 0.534375 0.5734375 0.628125 0.5734375 0.628125 0.7046875 0.534375 0.7046875
1 0.2296875 0.7453125 0.3546875 0.7453125 0.3546875 0.8109375 0.2296875 0.8109375
1 0.3484375 0.8046875 0.4609375 0.8046875 0.4609375 0.875 0.3484375 0.875
1 0.4015625 0.715625 0.4484375 0.715625 0.4484375 0.8328125 0.4015625 0.8328125