0 0.7453125 0.571875 0.8546875 0.571875 0.8546875 0.728125 0.7453125 0.728125
0 0.853125 0.096875 0.928125 0.096875 0.928125 0.271875 0.853125 0.271875
1 0.9015625 0.3953125 1 0.3953125 1 0.50625 0.9015625 0.50625
1 0.046875 0.1359375 0.1 0.1359375 0.1 0.3234375 0.046875 0.3234375
1 0.303125 0.1765625 0.378125 0.1765625 0.378125 0.296875 0.303125 0.296875
1 0.496875 0.040625 0.6 0.040625 0.6 0.13125 0.496875 0.13125
1 0.85 0 0.95 0 0.95 0.06875 0.85 0.06875
1 0.759375 0.4125 0.8265625 0.4125 0.8265625 0.546875 0.759375 0.546875
1 0.5125 0.5171875 0.5875 0.5171875 0.5875 0.63125 0.5125 0.63125
1 0.440625 0.4140625 0.4828125 0.4140625 0.4828125 0.5359375 0.440625 0.5359375
1 0.48125 0.384375 0.578125 0.384375 0.578125 0.484375 0.48125 0.484375
1 0.609375 0.5296875 0.7078125 0.5296875 0.7078125 0.6265625 0.609375 0.6265625
1 0.0390625 0.421875 0.084375 0.421875 0.084375 0.571875 0.0390625 0.571875
1 0.0171875 0.5484375 0.090625 0.5484375 0.090625 0.684375 0.0171875 0.684375
1 0.3671875 0.590625 0.434375 0.590625 0.434375 0.721875 0.3671875 0.721875
1 0.603125 0.6453125 0.709375 0.6453125 0.709375 0.7609375 0.603125 0.7609375