0 0.096875 0.615625 0.221875 0.615625 0.221875 0.73125 0.096875 0.73125
0 0.7109375 0.4828125 0.8125 0.4828125 0.8125 0.6109375 0.7109375 0.6109375
0 0.56875 0.5125 0.678125 0.5125 0.678125 0.6171875 0.56875 0.6171875
1 0.6484375 0.6140625 0.7 0.6140625 0.7 0.7421875 0.6484375 0.7421875
1 0.465625 0.60625 0.559375 0.60625 0.559375 0.69375 0.465625 0.69375
1 0.44375 0.5109375 0.4875 0.5109375 0.4875 0.65 0.44375 0.65
1 0.271875 0.45625 0.35625 0.45625 0.35625 0.5953125 0.271875 0.5953125
1 0.075 0.359375 0.140625 0.359375 0.140625 0.5078125 0.075 0.5078125
1 0.075 0.515625 0.184375 0.515625 0.184375 0.5984375 0.075 0.5984375
1 0.4734375 0.16875 0.5453125 0.16875 0.5453125 0.278125 0.4734375 0.278125
1 0.6765625 0.1453125 0.7359375 0.1453125 0.7359375 0.2765625 0.6765625 0.2765625
1 0.9375 0.10625 0.9984375 0.10625 0.9984375 0.2203125 0.9375 0.2203125
1 0.33125 0.6921875 0.3703125 0.6921875 0.3703125 0.8171875 0.33125 0.8171875
0 0.2203125 0.6484375 0.2984375 0.6484375 0.2984375 0.8109375 0.2203125 0.8109375