0 0.0078125 0.534375 0.11875 0.534375 0.11875 0.6453125 0.0078125 0.6453125
0 0.2953125 0.021875 0.3671875 0.021875 0.3671875 0.1796875 0.2953125 0.1796875
0 0.446875 0.2578125 0.575 0.2578125 0.575 0.3234375 0.446875 0.3234375
0 0.2859375 0.4125 0.3859375 0.4125 0.3859375 0.5375 0.2859375 0.5375
0 0.046875 0.6375 0.1640625 0.6375 0.1640625 0.70625 0.046875 0.70625
0 0.5 0.646875 0.5625 0.646875 0.5625 0.815625 0.5 0.815625
1 0.678125 0.1828125 0.76875 0.1828125 0.76875 0.2828125 0.678125 0.2828125
1 0.4953125 0.3171875 0.5953125 0.3171875 0.5953125 0.4 0.4953125 0.4
1 0.4984375 0.0890625 0.540625 0.0890625 0.540625 0.2078125 0.4984375 0.2078125
1 0.0890625 0.265625 0.1734375 0.265625 0.1734375 0.340625 0.0890625 0.340625
1 0.040625 0.140625 0.1421875 0.140625 0.1421875 0.2125 0.040625 0.2125
1 0 0.3546875 0.084375 0.3546875 0.084375 0.4328125 0 0.4328125
1 0.2921875 0.615625 0.384375 0.615625 0.384375 0.7015625 0.2921875 0.7015625
1 0.378125 0.4984375 0.425 0.4984375 0.425 0.6375 0.378125 0.6375
1 0.434375 0.5375 0.4828125 0.5375 0.4828125 0.678125 0.434375 0.678125
1 0.5 0.4875 0.5765625 0.4875 0.5765625 0.596875 0.5 0.596875
1 0.571875 0.565625 0.621875 0.565625 0.621875 0.70625 0.571875 0.70625
1 0.6421875 0.59375 0.740625 0.59375 0.740625 0.66875 0.6421875 0.66875
1 0.7875 0.546875 0.8375 0.546875 0.8375 0.696875 0.7875 0.696875
1 0.85625 0.5828125 0.9125 0.5828125 0.9125 0.7140625 0.85625 0.7140625
1 0.884375 0.490625 0.98125 0.490625 0.98125 0.5734375 0.884375 0.5734375
1 0.7890625 0.4109375 0.9015625 0.4109375 0.9015625 0.4890625 0.7890625 0.4890625
1 0.1671875 0.6484375 0.23125 0.6484375 0.23125 0.7671875 0.1671875 0.7671875
1 0.746875 0.590625 0.80625 0.590625 0.80625 0.725 0.746875 0.725
1 0.9125 0.0890625 1 0.0890625 1 0.1609375 0.9125 0.1609375