0 0.6265625 0.48125 0.6796875 0.48125 0.6796875 0.6453125 0.6265625 0.6453125
0 0.259375 0.4484375 0.315625 0.4484375 0.315625 0.61875 0.259375 0.61875
0 0.4296875 0.2984375 0.5140625 0.2984375 0.5140625 0.4421875 0.4296875 0.4421875
1 0.015625 0.5265625 0.0625 0.5265625 0.0625 0.66875 0.015625 0.66875
1 0.171875 0.525 0.2140625 0.525 0.2140625 0.66875 0.171875 0.66875
1 0.228125 0.3296875 0.3265625 0.3296875 0.3265625 0.421875 0.228125 0.421875
1 0.3609375 0.2734375 0.425 0.2734375 0.425 0.396875 0.3609375 0.396875
1 0.734375 0.1953125 0.85 0.1953125 0.85 0.2546875 0.734375 0.2546875
1 0.715625 0.3421875 0.7890625 0.3421875 0.7890625 0.45625 0.715625 0.45625
1 0.871875 0.41875 0.9359375 0.41875 0.9359375 0.5484375 0.871875 0.5484375
1 0.684375 0.515625 0.7703125 0.515625 0.7703125 0.6375 0.684375 0.6375
1 0.8765625 0.65 0.978125 0.65 0.978125 0.7375 0.8765625 0.7375
1 0.9578125 0.459375 1 0.459375 1 0.596875 0.9578125 0.596875
1 0.459375 0.4921875 0.5 0.4921875 0.5 0.625 0.459375 0.625
1 0.3609375 0.4046875 0.428125 0.4046875 0.428125 0.55 0.3609375 0.55
1 0.43125 0.571875 0.4859375 0.571875 0.4859375 0.6921875 0.43125 0.6921875
1 0.5046875 0.5875 0.6046875 0.5875 0.6046875 0.6609375 0.5046875 0.6609375
1 0.546875 0.4421875 0.6125 0.4421875 0.6125 0.55625 0.546875 0.55625
1 0.5046875 0.4609375 0.5453125 0.4609375 0.5453125 0.5890625 0.5046875 0.5890625
1 0.4078125 0.4171875 0.490625 0.4171875 0.490625 0.4921875 0.4078125 0.4921875
1 0.078125 0.5234375 0.128125 0.5234375 0.128125 0.653125 0.078125 0.653125
0 0.3140625 0.5109375 0.4203125 0.5109375 0.4203125 0.6296875 0.3140625 0.6296875
1 0.48125 0.6453125 0.5828125 0.6453125 0.5828125 0.7125 0.48125 0.7125
1 0.740625 0.6578125 0.7953125 0.6578125 0.7953125 0.7765625 0.740625 0.7765625