1 0.9171875 0.30625 0.9859375 0.30625 0.9859375 0.4375 0.9171875 0.4375
1 0.7765625 0.3484375 0.8703125 0.3484375 0.8703125 0.4828125 0.7765625 0.4828125
1 0.7625 0.2671875 0.8609375 0.2671875 0.8609375 0.3671875 0.7625 0.3671875
1 0.73125 0.075 0.7890625 0.075 0.7890625 0.2296875 0.73125 0.2296875
1 0.35625 0.1703125 0.4265625 0.1703125 0.4265625 0.3796875 0.35625 0.3796875
1 0.2359375 0.3921875 0.3296875 0.3921875 0.3296875 0.49375 0.2359375 0.49375
1 0.265625 0.4890625 0.340625 0.4890625 0.340625 0.5984375 0.265625 0.5984375
1 0.3359375 0.578125 0.3953125 0.578125 0.3953125 0.709375 0.3359375 0.709375
1 0.278125 0.6734375 0.328125 0.6734375 0.328125 0.815625 0.278125 0.815625
1 0.190625 0.7328125 0.2859375 0.7328125 0.2859375 0.80625 0.190625 0.80625
1 0.0328125 0.615625 0.096875 0.615625 0.096875 0.7625 0.0328125 0.7625
1 0.4421875 0.571875 0.55 0.571875 0.55 0.6390625 0.4421875 0.6390625
1 0.7859375 0.596875 0.8796875 0.596875 0.8796875 0.6734375 0.7859375 0.6734375
0 0.66875 0.2203125 0.7296875 0.2203125 0.7296875 0.38125 0.66875 0.38125
1 0.4109375 0.625 0.4796875 0.625 0.4796875 0.759375 0.4109375 0.759375
1 0.525 0.70625 0.5796875 0.70625 0.5796875 0.796875 0.525 0.796875
1 0.0515625 0.7171875 0.140625 0.7171875 0.140625 0.803125 0.0515625 0.803125
1 0.615625 0.7421875 0.7109375 0.7421875 0.7109375 0.8015625 0.615625 0.8015625
1 0.7734375 0.7171875 0.8796875 0.7171875 0.8796875 0.81875 0.7734375 0.81875