0 0.440625 0.50625 0.509375 0.50625 0.509375 0.6625 0.440625 0.6625
1 0.66875 0.496875 0.7234375 0.496875 0.7234375 0.61875 0.66875 0.61875
0 0.5640625 0.38125 0.64375 0.38125 0.64375 0.5359375 0.5640625 0.5359375
0 0.3859375 0.3109375 0.475 0.3109375 0.475 0.4484375 0.3859375 0.4484375
1 0.84375 0.15625 0.9328125 0.15625 0.9328125 0.259375 0.84375 0.259375
1 0.80625 0.465625 0.8578125 0.465625 0.8578125 0.6 0.80625 0.6
1 0.871875 0.56875 0.9296875 0.56875 0.9296875 0.7109375 0.871875 0.7109375
1 0.2765625 0.7453125 0.353125 0.7453125 0.353125 0.840625 0.2765625 0.840625
1 0.23125 0.371875 0.33125 0.371875 0.33125 0.4875 0.23125 0.4875
1 0.3171875 0.4796875 0.390625 0.4796875 0.390625 0.5890625 0.3171875 0.5890625
1 0.375 0.553125 0.4328125 0.553125 0.4328125 0.6828125 0.375 0.6828125
1 0.7578125 0.6921875 0.8625 0.6921875 0.8625 0.7625 0.7578125 0.7625
1 0.5703125 0.609375 0.6515625 0.609375 0.6515625 0.6984375 0.5703125 0.6984375
1 0.5375 0.63125 0.6078125 0.63125 0.6078125 0.7390625 0.5375 0.7390625
1 0.0875 0.4953125 0.1453125 0.4953125 0.1453125 0.6390625 0.0875 0.6390625
1 0.1484375 0.5421875 0.2140625 0.5421875 0.2140625 0.6890625 0.1484375 0.6890625
1 0.1390625 0.446875 0.240625 0.446875 0.240625 0.5453125 0.1390625 0.5453125
1 0.2390625 0.4671875 0.321875 0.4671875 0.321875 0.559375 0.2390625 0.559375
0 0.275 0.60625 0.35625 0.60625 0.35625 0.753125 0.275 0.753125
0 0.6578125 0.60625 0.7734375 0.60625 0.7734375 0.7265625 0.6578125 0.7265625
1 0.778125 0.6359375 0.8765625 0.6359375 0.8765625 0.703125 0.778125 0.703125
1 0.7578125 0.5234375 0.8046875 0.5234375 0.8046875 0.65 0.7578125 0.65
1 0.4703125 0.6046875 0.5296875 0.6046875 0.5296875 0.7375 0.4703125 0.7375
1 0.33125 0.5578125 0.3765625 0.5578125 0.3765625 0.7015625 0.33125 0.7015625