0 0.6546875 0.10625 0.728125 0.10625 0.728125 0.271875 0.6546875 0.271875
0 0.76875 0.28125 0.8671875 0.28125 0.8671875 0.421875 0.76875 0.421875
0 0.8859375 0.153125 0.984375 0.153125 0.984375 0.2890625 0.8859375 0.2890625
0 0.0171875 0.396875 0.140625 0.396875 0.140625 0.5375 0.0171875 0.5375
0 0 0.559375 0.1328125 0.559375 0.1328125 0.6578125 0 0.6578125
0 0.3890625 0.6171875 0.490625 0.6171875 0.490625 0.7546875 0.3890625 0.7546875
1 0.778125 0.60625 0.871875 0.60625 0.871875 0.7140625 0.778125 0.7140625
1 0.5953125 0.5046875 0.6765625 0.5046875 0.6765625 0.56875 0.5953125 0.56875
1 0.5484375 0.496875 0.5953125 0.496875 0.5953125 0.64375 0.5484375 0.64375
1 0.521875 0.2484375 0.5703125 0.2484375 0.5703125 0.409375 0.521875 0.409375
1 0.375 0.3203125 0.425 0.3203125 0.425 0.459375 0.375 0.459375
1 0.271875 0.2 0.3203125 0.2 0.3203125 0.340625 0.271875 0.340625
1 0.3171875 0.490625 0.378125 0.490625 0.378125 0.6265625 0.3171875 0.6265625
1 0.2359375 0.584375 0.3078125 0.584375 0.3078125 0.7234375 0.2359375 0.7234375
1 0.315625 0.625 0.40625 0.625 0.40625 0.715625 0.315625 0.715625
1 0.484375 0.465625 0.5296875 0.465625 0.5296875 0.5859375 0.484375 0.5859375
1 0.240625 0.465625 0.3265625 0.465625 0.3265625 0.5609375 0.240625 0.5609375
0 0.496875 0.6484375 0.565625 0.6484375 0.565625 0.796875 0.496875 0.796875