0 0.7703125 0.60625 0.8859375 0.60625 0.8859375 0.7234375 0.7703125 0.7234375
0 0.390625 0.584375 0.4671875 0.584375 0.4671875 0.7453125 0.390625 0.7453125
1 0.178125 0.2015625 0.265625 0.2015625 0.265625 0.3359375 0.178125 0.3359375
1 0.8484375 0.509375 0.9484375 0.509375 0.9484375 0.5890625 0.8484375 0.5890625
1 0.7109375 0.3796875 0.81875 0.3796875 0.81875 0.484375 0.7109375 0.484375
1 0.6421875 0.2671875 0.7265625 0.2671875 0.7265625 0.375 0.6421875 0.375
1 0.6453125 0.3828125 0.709375 0.3828125 0.709375 0.5171875 0.6453125 0.5171875
1 0.58125 0.3828125 0.6390625 0.3828125 0.6390625 0.509375 0.58125 0.509375
1 0.4734375 0.3796875 0.55625 0.3796875 0.55625 0.5015625 0.4734375 0.5015625
1 0.2859375 0.6015625 0.371875 0.6015625 0.371875 0.6984375 0.2859375 0.6984375
1 0.034375 0.478125 0.1359375 0.478125 0.1359375 0.565625 0.034375 0.565625
1 0.0515625 0.5875 0.153125 0.5875 0.153125 0.6890625 0.0515625 0.6890625
1 0.7265625 0.63125 0.775 0.63125 0.775 0.7875 0.7265625 0.7875
1 0.6234375 0.5984375 0.715625 0.5984375 0.715625 0.7015625 0.6234375 0.7015625
1 0.7578125 0.534375 0.840625 0.534375 0.840625 0.6328125 0.7578125 0.6328125
1 0.690625 0.48125 0.784375 0.48125 0.784375 0.5609375 0.690625 0.5609375
1 0.459375 0.615625 0.5296875 0.615625 0.5296875 0.721875 0.459375 0.721875
1 0.871875 0.665625 0.9609375 0.665625 0.9609375 0.75 0.871875 0.75
1 0.165625 0.7 0.2546875 0.7 0.2546875 0.771875 0.165625 0.771875