0 0.25 0.403125 0.3265625 0.403125 0.3265625 0.5609375 0.25 0.5609375
0 0.2125 0.3234375 0.284375 0.3234375 0.284375 0.4546875 0.2125 0.4546875
0 0.3734375 0.503125 0.4890625 0.503125 0.4890625 0.6203125 0.3734375 0.6203125
0 0.2984375 0.584375 0.365625 0.584375 0.365625 0.7546875 0.2984375 0.7546875
0 0.465625 0.065625 0.5421875 0.065625 0.5421875 0.2140625 0.465625 0.2140625
1 0.128125 0.4140625 0.2125 0.4140625 0.2125 0.5296875 0.128125 0.5296875
1 0.040625 0.365625 0.125 0.365625 0.125 0.465625 0.040625 0.465625
1 0.028125 0.0109375 0.121875 0.0109375 0.121875 0.1046875 0.028125 0.1046875
1 0.3671875 0.190625 0.446875 0.190625 0.446875 0.303125 0.3671875 0.303125
1 0.428125 0.2671875 0.4859375 0.2671875 0.4859375 0.390625 0.428125 0.390625
1 0.496875 0.33125 0.546875 0.33125 0.546875 0.4609375 0.496875 0.4609375
1 0.55625 0.271875 0.5953125 0.271875 0.5953125 0.403125 0.55625 0.403125
1 0.6078125 0.3671875 0.678125 0.3671875 0.678125 0.5 0.6078125 0.5
1 0.6890625 0.353125 0.734375 0.353125 0.734375 0.4984375 0.6890625 0.4984375
1 0.6734375 0.209375 0.7671875 0.209375 0.7671875 0.315625 0.6734375 0.315625
1 0.809375 0.2140625 0.9140625 0.2140625 0.9140625 0.2796875 0.809375 0.2796875
1 0.7953125 0.4078125 0.9078125 0.4078125 0.9078125 0.4734375 0.7953125 0.4734375
1 0.859375 0.4875 0.959375 0.4875 0.959375 0.553125 0.859375 0.553125
1 0.66875 0.4765625 0.7203125 0.4765625 0.7203125 0.615625 0.66875 0.615625
1 0.3828125 0.6234375 0.471875 0.6234375 0.471875 0.7265625 0.3828125 0.7265625
1 0.1078125 0.6125 0.1828125 0.6125 0.1828125 0.7375 0.1078125 0.7375
1 0.2203125 0.5515625 0.2765625 0.5515625 0.2765625 0.684375 0.2203125 0.684375
1 0.6234375 0.6296875 0.728125 0.6296875 0.728125 0.6984375 0.6234375 0.6984375
1 0.8234375 0.565625 0.8765625 0.565625 0.8765625 0.6984375 0.8234375 0.6984375
1 0.9109375 0.5546875 0.9984375 0.5546875 0.9984375 0.640625 0.9109375 0.640625