0 0.8765625 0.0265625 0.9890625 0.0265625 0.9890625 0.190625 0.8765625 0.190625
0 0.4375 0.034375 0.51875 0.034375 0.51875 0.2234375 0.4375 0.2234375
0 0.15625 0.225 0.253125 0.225 0.253125 0.3890625 0.15625 0.3890625
0 0.128125 0.359375 0.2390625 0.359375 0.2390625 0.50625 0.128125 0.50625
0 0.096875 0.61875 0.184375 0.61875 0.184375 0.7734375 0.096875 0.7734375
1 0.790625 0.38125 0.8703125 0.38125 0.8703125 0.5359375 0.790625 0.5359375
0 0.3734375 0.5984375 0.4546875 0.5984375 0.4546875 0.7375 0.3734375 0.7375
0 0.546875 0.640625 0.6515625 0.640625 0.6515625 0.775 0.546875 0.775
1 0.3109375 0.0484375 0.3953125 0.0484375 0.3953125 0.16875 0.3109375 0.16875
0 0.5703125 0.5640625 0.690625 0.5640625 0.690625 0.696875 0.5703125 0.696875
1 0.6890625 0.615625 0.8015625 0.615625 0.8015625 0.71875 0.6890625 0.71875
1 0.3375 0.403125 0.446875 0.403125 0.446875 0.55 0.3375 0.55
1 0.10625 0.0703125 0.1921875 0.0703125 0.1921875 0.209375 0.10625 0.209375
1 0.8828125 0.6484375 0.975 0.6484375 0.975 0.7671875 0.8828125 0.7671875
1 0.2578125 0.55625 0.33125 0.55625 0.33125 0.678125 0.2578125 0.678125
1 0.1734375 0.565625 0.2734375 0.565625 0.2734375 0.69375 0.1734375 0.69375
1 0 0.7984375 0.096875 0.7984375 0.096875 0.89375 0 0.89375
1 0.1109375 0.803125 0.2625 0.803125 0.2625 0.9359375 0.1109375 0.9359375
1 0.4 0.8171875 0.5421875 0.8171875 0.5421875 0.9109375 0.4 0.9109375
1 0.1609375 0.7328125 0.2421875 0.7328125 0.2421875 0.828125 0.1609375 0.828125
1 0.6171875 0.3390625 0.7375 0.3390625 0.7375 0.4578125 0.6171875 0.4578125
1 0.2421875 0.75625 0.3453125 0.75625 0.3453125 0.8453125 0.2421875 0.8453125
1 0.275 0.6359375 0.3765625 0.6359375 0.3765625 0.725 0.275 0.725
1 0 0.3828125 0.09375 0.3828125 0.09375 0.53125 0 0.53125
1 0.4453125 0.575 0.509375 0.575 0.509375 0.725 0.4453125 0.725
1 0.6078125 0.65625 0.6984375 0.65625 0.6984375 0.765625 0.6078125 0.765625
1 0.496875 0.66875 0.5875 0.66875 0.5875 0.7640625 0.496875 0.7640625
1 0.453125 0.728125 0.56875 0.728125 0.56875 0.8265625 0.453125 0.8265625