0 0.171875 0.2109375 0.2484375 0.2109375 0.2484375 0.36875 0.171875 0.36875
0 0.23125 0.0921875 0.31875 0.0921875 0.31875 0.2453125 0.23125 0.2453125
0 0.4640625 0.2484375 0.546875 0.2484375 0.546875 0.3953125 0.4640625 0.3953125
0 0.834375 0.4625 0.9125 0.4625 0.9125 0.6390625 0.834375 0.6390625
0 0.3609375 0.5328125 0.428125 0.5328125 0.428125 0.7046875 0.3609375 0.7046875
0 0.44375 0.615625 0.50625 0.615625 0.50625 0.76875 0.44375 0.76875
1 0.1453125 0.496875 0.2578125 0.496875 0.2578125 0.58125 0.1453125 0.58125
1 0.1703125 0.396875 0.271875 0.396875 0.271875 0.4984375 0.1703125 0.4984375
1 0.121875 0.3328125 0.16875 0.3328125 0.16875 0.4796875 0.121875 0.4796875
1 0.0328125 0.1515625 0.078125 0.1515625 0.078125 0.2703125 0.0328125 0.2703125
1 0 0.1953125 0.0515625 0.1953125 0.0515625 0.3359375 0 0.3359375
1 0.290625 0.2296875 0.346875 0.2296875 0.346875 0.390625 0.290625 0.390625
1 0.3890625 0.171875 0.4734375 0.171875 0.4734375 0.265625 0.3890625 0.265625
1 0.478125 0.1484375 0.5765625 0.1484375 0.5765625 0.240625 0.478125 0.240625
1 0.5421875 0 0.65 0 0.65 0.0484375 0.5421875 0.0484375
1 0.81875 0 0.890625 0 0.890625 0.134375 0.81875 0.134375
1 0.9234375 0.4875 0.9875 0.4875 0.9875 0.63125 0.9234375 0.63125
1 0.965625 0.2734375 1 0.2734375 1 0.4171875 0.965625 0.4171875
1 0.209375 0.6484375 0.25625 0.6484375 0.25625 0.7859375 0.209375 0.7859375
1 0.265625 0.665625 0.3140625 0.665625 0.3140625 0.784375 0.265625 0.784375
0 0.29375 0.48125 0.3765625 0.48125 0.3765625 0.6109375 0.29375 0.6109375
1 0.421875 0.5140625 0.4640625 0.5140625 0.4640625 0.65625 0.421875 0.65625
0 0.584375 0.553125 0.6484375 0.553125 0.6484375 0.6953125 0.584375 0.6953125
1 0.159375 0.5671875 0.2703125 0.5671875 0.2703125 0.6375 0.159375 0.6375
1 0.509375 0.6234375 0.5765625 0.6234375 0.5765625 0.7546875 0.509375 0.7546875