0 0.446875 0.3234375 0.5046875 0.3234375 0.5046875 0.4859375 0.446875 0.4859375
1 0.8796875 0.5484375 0.921875 0.5484375 0.921875 0.703125 0.8796875 0.703125
1 0.8234375 0.6 0.8921875 0.6 0.8921875 0.7296875 0.8234375 0.7296875
1 0.6921875 0.4921875 0.8015625 0.4921875 0.8015625 0.559375 0.6921875 0.559375
1 0.7875 0.3546875 0.846875 0.3546875 0.846875 0.4921875 0.7875 0.4921875
1 0.85 0.4296875 0.953125 0.4296875 0.953125 0.525 0.85 0.525
1 0.9234375 0.290625 0.984375 0.290625 0.984375 0.4140625 0.9234375 0.4140625
1 0.6109375 0.5671875 0.6609375 0.5671875 0.6609375 0.7171875 0.6109375 0.7171875
1 0.509375 0.546875 0.6015625 0.546875 0.6015625 0.63125 0.509375 0.63125
1 0.446875 0.515625 0.490625 0.515625 0.490625 0.65625 0.446875 0.65625
1 0.4765625 0.6453125 0.553125 0.6453125 0.553125 0.759375 0.4765625 0.759375
1 0.3109375 0.5671875 0.4125 0.5671875 0.4125 0.6390625 0.3109375 0.6390625
1 0.3078125 0.4671875 0.4015625 0.4671875 0.4015625 0.571875 0.3078125 0.571875
1 0.15 0.5796875 0.2484375 0.5796875 0.2484375 0.6953125 0.15 0.6953125
1 0.1671875 0.690625 0.2359375 0.690625 0.2359375 0.7984375 0.1671875 0.7984375
1 0.325 0.646875 0.3765625 0.646875 0.3765625 0.7734375 0.325 0.7734375
1 0.2765625 0.696875 0.34375 0.696875 0.34375 0.809375 0.2765625 0.809375
1 0.4234375 0.69375 0.48125 0.69375 0.48125 0.8125 0.4234375 0.8125
1 0.7296875 0.671875 0.7859375 0.671875 0.7859375 0.80625 0.7296875 0.80625
1 0.56875 0.615625 0.615625 0.615625 0.615625 0.759375 0.56875 0.759375