0 0.634375 0.4984375 0.7640625 0.4984375 0.7640625 0.5921875 0.634375 0.5921875
0 0.7015625 0.3171875 0.828125 0.3171875 0.828125 0.434375 0.7015625 0.434375
1 0.090625 0.2921875 0.178125 0.2921875 0.178125 0.421875 0.090625 0.421875
1 0.003125 0.0984375 0.05625 0.0984375 0.05625 0.2203125 0.003125 0.2203125
1 0.3953125 0.153125 0.4703125 0.153125 0.4703125 0.3140625 0.3953125 0.3140625
1 0.528125 0.184375 0.578125 0.184375 0.578125 0.31875 0.528125 0.31875
1 0.5078125 0.3671875 0.571875 0.3671875 0.571875 0.5203125 0.5078125 0.5203125
1 0.4296875 0.49375 0.475 0.49375 0.475 0.640625 0.4296875 0.640625
1 0.3015625 0.3921875 0.3734375 0.3921875 0.3734375 0.5078125 0.3015625 0.5078125
1 0.359375 0.3484375 0.421875 0.3484375 0.421875 0.459375 0.359375 0.459375
1 0.5421875 0.5859375 0.63125 0.5859375 0.63125 0.684375 0.5421875 0.684375
1 0.846875 0.4546875 0.9015625 0.4546875 0.9015625 0.590625 0.846875 0.590625
1 0.809375 0.0171875 0.896875 0.0171875 0.896875 0.1328125 0.809375 0.1328125
1 0.8828125 0.03125 0.9609375 0.03125 0.9609375 0.1703125 0.8828125 0.1703125
1 0.0359375 0.6015625 0.109375 0.6015625 0.109375 0.7078125 0.0359375 0.7078125
0 0.1734375 0.6421875 0.3 0.6421875 0.3 0.7390625 0.1734375 0.7390625
1 0.5796875 0.353125 0.6515625 0.353125 0.6515625 0.5234375 0.5796875 0.5234375