0 0.215625 0.5046875 0.275 0.5046875 0.275 0.678125 0.215625 0.678125
0 0.3234375 0.4640625 0.41875 0.4640625 0.41875 0.5796875 0.3234375 0.5796875
0 0.425 0.4578125 0.4953125 0.4578125 0.4953125 0.615625 0.425 0.615625
0 0.4203125 0.35625 0.521875 0.35625 0.521875 0.4609375 0.4203125 0.4609375
0 0.053125 0.178125 0.1640625 0.178125 0.1640625 0.3015625 0.053125 0.3015625
0 0.421875 0.6484375 0.5375 0.6484375 0.5375 0.75 0.421875 0.75
1 0.465625 0.315625 0.5765625 0.315625 0.5765625 0.3984375 0.465625 0.3984375
1 0.4328125 0.196875 0.4828125 0.196875 0.4828125 0.3234375 0.4328125 0.3234375
1 0.0890625 0.38125 0.184375 0.38125 0.184375 0.4859375 0.0890625 0.4859375
1 0.003125 0.30625 0.0640625 0.30625 0.0640625 0.45 0.003125 0.45
1 0.0359375 0.55 0.078125 0.55 0.078125 0.671875 0.0359375 0.671875
1 0.065625 0.60625 0.171875 0.60625 0.171875 0.696875 0.065625 0.696875
1 0.1609375 0.6109375 0.20625 0.6109375 0.20625 0.7484375 0.1609375 0.7484375
1 0.2046875 0.43125 0.309375 0.43125 0.309375 0.4984375 0.2046875 0.4984375
1 0.2703125 0.528125 0.328125 0.528125 0.328125 0.659375 0.2703125 0.659375
1 0.5515625 0.5828125 0.603125 0.5828125 0.603125 0.7296875 0.5515625 0.7296875
1 0.6296875 0.465625 0.7171875 0.465625 0.7171875 0.5859375 0.6296875 0.5859375
1 0.7921875 0.4734375 0.83125 0.4734375 0.83125 0.6171875 0.7921875 0.6171875
1 0.796875 0.56875 0.8703125 0.56875 0.8703125 0.68125 0.796875 0.68125
0 0.8328125 0.6546875 0.9328125 0.6546875 0.9328125 0.7578125 0.8328125 0.7578125
1 0.2734375 0.2234375 0.340625 0.2234375 0.340625 0.3515625 0.2734375 0.3515625