0 0.259375 0.653125 0.3890625 0.653125 0.3890625 0.7609375 0.259375 0.7609375
0 0.4890625 0.5171875 0.565625 0.5171875 0.565625 0.671875 0.4890625 0.671875
0 0.5234375 0.3265625 0.584375 0.3265625 0.584375 0.49375 0.5234375 0.49375
0 0.571875 0.53125 0.6359375 0.53125 0.6359375 0.6984375 0.571875 0.6984375
1 0.4734375 0.159375 0.54375 0.159375 0.54375 0.2890625 0.4734375 0.2890625
1 0.440625 0.290625 0.50625 0.290625 0.50625 0.40625 0.440625 0.40625
1 0.278125 0.4015625 0.3859375 0.4015625 0.3859375 0.478125 0.278125 0.478125
1 0.4078125 0.4203125 0.4859375 0.4203125 0.4859375 0.509375 0.4078125 0.509375
1 0.359375 0.5203125 0.45 0.5203125 0.45 0.615625 0.359375 0.615625
1 0.3 0.46875 0.4046875 0.46875 0.4046875 0.5703125 0.3 0.5703125
1 0.228125 0.3953125 0.28125 0.3953125 0.28125 0.55 0.228125 0.55
1 0.0484375 0.5421875 0.14375 0.5421875 0.14375 0.6453125 0.0484375 0.6453125
1 0.0453125 0.665625 0.103125 0.665625 0.103125 0.7984375 0.0453125 0.7984375
1 0.740625 0.5359375 0.84375 0.5359375 0.84375 0.6 0.740625 0.6
1 0.8546875 0.4921875 0.9421875 0.4921875 0.9421875 0.5921875 0.8546875 0.5921875
1 0.9234375 0.5875 0.984375 0.5875 0.984375 0.7171875 0.9234375 0.7171875
1 0.7359375 0.0375 0.8375 0.0375 0.8375 0.1203125 0.7359375 0.1203125
1 0.5125 0.003125 0.609375 0.003125 0.609375 0.0984375 0.5125 0.0984375
1 0.64375 0.459375 0.6890625 0.459375 0.6890625 0.6046875 0.64375 0.6046875
1 0.703125 0.421875 0.753125 0.421875 0.753125 0.546875 0.703125 0.546875
1 0.7859375 0.6 0.8875 0.6 0.8875 0.675 0.7859375 0.675
1 0.721875 0.6390625 0.784375 0.6390625 0.784375 0.7734375 0.721875 0.7734375
1 0.678125 0.6015625 0.7265625 0.6015625 0.7265625 0.734375 0.678125 0.734375