0 0.5125 0.5859375 0.625 0.5859375 0.625 0.675 0.5125 0.675
0 0.709375 0.3296875 0.7984375 0.3296875 0.7984375 0.48125 0.709375 0.48125
0 0.8515625 0.1796875 0.9125 0.1796875 0.9125 0.33125 0.8515625 0.33125
0 0.2171875 0.4109375 0.278125 0.4109375 0.278125 0.5984375 0.2171875 0.5984375
0 0 0.4109375 0.10625 0.4109375 0.10625 0.490625 0 0.490625
1 0.078125 0.2515625 0.184375 0.2515625 0.184375 0.33125 0.078125 0.33125
1 0.2546875 0.315625 0.359375 0.315625 0.359375 0.3984375 0.2546875 0.3984375
1 0.9125 0.209375 0.9921875 0.209375 0.9921875 0.3140625 0.9125 0.3140625
1 0.6140625 0.4234375 0.671875 0.4234375 0.671875 0.5484375 0.6140625 0.5484375
1 0.4984375 0.475 0.5984375 0.475 0.5984375 0.553125 0.4984375 0.553125
1 0.61875 0.546875 0.7109375 0.546875 0.7109375 0.6078125 0.61875 0.6078125
1 0.753125 0.5765625 0.803125 0.5765625 0.803125 0.709375 0.753125 0.709375
1 0.80625 0.521875 0.903125 0.521875 0.903125 0.5953125 0.80625 0.5953125
1 0.3828125 0.5390625 0.421875 0.5390625 0.421875 0.6828125 0.3828125 0.6828125
1 0.321875 0.590625 0.3671875 0.590625 0.3671875 0.7265625 0.321875 0.7265625
1 0 0.096875 0.0578125 0.096875 0.0578125 0.184375 0 0.184375
1 0.915625 0.0078125 0.9828125 0.0078125 0.9828125 0.1421875 0.915625 0.1421875
1 0.878125 0.5953125 0.9875 0.5953125 0.9875 0.665625 0.878125 0.665625
1 0.690625 0.675 0.7625 0.675 0.7625 0.790625 0.690625 0.790625