0 0.6484375 0.5984375 0.7640625 0.5984375 0.7640625 0.7109375 0.6484375 0.7109375
0 0.609375 0.375 0.6796875 0.375 0.6796875 0.5296875 0.609375 0.5296875
0 0.58125 0 0.675 0 0.675 0.1484375 0.58125 0.1484375
1 0.9015625 0.0609375 0.94375 0.0609375 0.94375 0.19375 0.9015625 0.19375
1 0.8421875 0.2484375 0.928125 0.2484375 0.928125 0.3125 0.8421875 0.3125
1 0.9078125 0.3 1 0.3 1 0.365625 0.9078125 0.365625
1 0.8296875 0.390625 0.93125 0.390625 0.93125 0.4625 0.8296875 0.4625
1 0.81875 0.4765625 0.921875 0.4765625 0.921875 0.54375 0.81875 0.54375
1 0.709375 0.390625 0.8 0.390625 0.8 0.4640625 0.709375 0.4640625
1 0.50625 0.265625 0.5671875 0.265625 0.5671875 0.4078125 0.50625 0.4078125
1 0.6859375 0.065625 0.778125 0.065625 0.778125 0.178125 0.6859375 0.178125
1 0.2203125 0.0265625 0.284375 0.0265625 0.284375 0.159375 0.2203125 0.159375
1 0.1171875 0.078125 0.196875 0.078125 0.196875 0.1734375 0.1171875 0.1734375
1 0.003125 0.2640625 0.0734375 0.2640625 0.0734375 0.4 0.003125 0.4
1 0.040625 0.15625 0.1109375 0.15625 0.1109375 0.265625 0.040625 0.265625
1 0.28125 0.55625 0.3375 0.55625 0.3375 0.6875 0.28125 0.6875
1 0.3875 0.4296875 0.4375 0.4296875 0.4375 0.575 0.3875 0.575
1 0.159375 0.46875 0.2453125 0.46875 0.2453125 0.5890625 0.159375 0.5890625
1 0.0546875 0.5046875 0.1609375 0.5046875 0.1609375 0.5734375 0.0546875 0.5734375
1 0.078125 0.5671875 0.1390625 0.5671875 0.1390625 0.703125 0.078125 0.703125
1 0.571875 0.521875 0.65 0.521875 0.65 0.625 0.571875 0.625
1 0.5046875 0.575 0.5796875 0.575 0.5796875 0.69375 0.5046875 0.69375