0 0.0625 0.0171875 0.1625 0.0171875 0.1625 0.1546875 0.0625 0.1546875
0 0.234375 0.00625 0.3203125 0.00625 0.3203125 0.16875 0.234375 0.16875
0 0.190625 0.153125 0.25 0.153125 0.25 0.3171875 0.190625 0.3171875
0 0.153125 0.5765625 0.271875 0.5765625 0.271875 0.6796875 0.153125 0.6796875
0 0.871875 0.3984375 0.9484375 0.3984375 0.9484375 0.5671875 0.871875 0.5671875
1 0.7046875 0.278125 0.7984375 0.278125 0.7984375 0.3921875 0.7046875 0.3921875
1 0.540625 0.06875 0.6078125 0.06875 0.6078125 0.2203125 0.540625 0.2203125
1 0.353125 0.0203125 0.4515625 0.0203125 0.4515625 0.1234375 0.353125 0.1234375
1 0.45625 0.284375 0.528125 0.284375 0.528125 0.4109375 0.45625 0.4109375
1 0.4296875 0.4296875 0.4828125 0.4296875 0.4828125 0.5703125 0.4296875 0.5703125
1 0.3328125 0.5203125 0.3828125 0.5203125 0.3828125 0.6484375 0.3328125 0.6484375
1 0.5984375 0.3890625 0.675 0.3890625 0.675 0.4921875 0.5984375 0.4921875
1 0.5953125 0.45625 0.640625 0.45625 0.640625 0.5859375 0.5953125 0.5859375
1 0.5046875 0.4328125 0.5953125 0.4328125 0.5953125 0.5203125 0.5046875 0.5203125
1 0.725 0.515625 0.834375 0.515625 0.834375 0.5921875 0.725 0.5921875
1 0.7890625 0.61875 0.89375 0.61875 0.89375 0.684375 0.7890625 0.684375
0 0.8703125 0.690625 0.9984375 0.690625 0.9984375 0.7984375 0.8703125 0.7984375
1 0.06875 0.165625 0.146875 0.165625 0.146875 0.2828125 0.06875 0.2828125
1 0.021875 0.5390625 0.0921875 0.5390625 0.0921875 0.66875 0.021875 0.66875
1 0.93125 0.525 0.99375 0.525 0.99375 0.6625 0.93125 0.6625
1 0.5828125 0.65625 0.6578125 0.65625 0.6578125 0.8203125 0.5828125 0.8203125