0 0.375 0.5859375 0.4875 0.5859375 0.4875 0.675 0.375 0.675
0 0.2015625 0.3296875 0.290625 0.3296875 0.290625 0.48125 0.2015625 0.48125
0 0.0875 0.1796875 0.1484375 0.1796875 0.1484375 0.33125 0.0875 0.33125
0 0.721875 0.4109375 0.7828125 0.4109375 0.7828125 0.5984375 0.721875 0.5984375
0 0.89375 0.4109375 1 0.4109375 1 0.490625 0.89375 0.490625
1 0.815625 0.2515625 0.921875 0.2515625 0.921875 0.33125 0.815625 0.33125
1 0.640625 0.315625 0.7453125 0.315625 0.7453125 0.3984375 0.640625 0.3984375
1 0.0078125 0.209375 0.0875 0.209375 0.0875 0.3140625 0.0078125 0.3140625
1 0.328125 0.4234375 0.3859375 0.4234375 0.3859375 0.5484375 0.328125 0.5484375
1 0.4015625 0.475 0.5015625 0.475 0.5015625 0.553125 0.4015625 0.553125
1 0.290625 0.546875 0.3828125 0.546875 0.3828125 0.6078125 0.290625 0.6078125
1 0.196875 0.5765625 0.246875 0.5765625 0.246875 0.709375 0.196875 0.709375
1 0.096875 0.521875 0.19375 0.521875 0.19375 0.5953125 0.096875 0.5953125
1 0.578125 0.5390625 0.6171875 0.5390625 0.6171875 0.6828125 0.578125 0.6828125
1 0.6328125 0.590625 0.678125 0.590625 0.678125 0.7265625 0.6328125 0.7265625
1 0.9421875 0.096875 1 0.096875 1 0.184375 0.9421875 0.184375
1 0.0171875 0.0078125 0.084375 0.0078125 0.084375 0.1421875 0.0171875 0.1421875
1 0.0125 0.5953125 0.121875 0.5953125 0.121875 0.665625 0.0125 0.665625
1 0.2375 0.675 0.309375 0.675 0.309375 0.790625 0.2375 0.790625