1 0.0125 0.084375 0.065625 0.084375 0.065625 0.21875 0.0125 0.21875
1 0.265625 0.146875 0.359375 0.146875 0.359375 0.24375 0.265625 0.24375
1 0.440625 0.315625 0.5296875 0.315625 0.5296875 0.4375 0.440625 0.4375
1 0.740625 0.31875 0.7953125 0.31875 0.7953125 0.4515625 0.740625 0.4515625
1 0.7828125 0.45625 0.878125 0.45625 0.878125 0.5515625 0.7828125 0.5515625
1 0.71875 0.5734375 0.8375 0.5734375 0.8375 0.6453125 0.71875 0.6453125
1 0.5078125 0.5890625 0.5609375 0.5890625 0.5609375 0.7296875 0.5078125 0.7296875
1 0.215625 0.403125 0.275 0.403125 0.275 0.528125 0.215625 0.528125
1 0.2984375 0.4015625 0.365625 0.4015625 0.365625 0.5234375 0.2984375 0.5234375
0 0.3640625 0.4671875 0.41875 0.4671875 0.41875 0.6234375 0.3640625 0.6234375
1 0.20625 0.5421875 0.271875 0.5421875 0.271875 0.68125 0.20625 0.68125
1 0.1046875 0.6140625 0.2046875 0.6140625 0.2046875 0.66875 0.1046875 0.66875
1 0.290625 0.5984375 0.3640625 0.5984375 0.3640625 0.7265625 0.290625 0.7265625
1 0.553125 0.7171875 0.6578125 0.7171875 0.6578125 0.7890625 0.553125 0.7890625
1 0.0703125 0.6859375 0.1484375 0.6859375 0.1484375 0.8140625 0.0703125 0.8140625
1 0.0453125 0.5875 0.128125 0.5875 0.128125 0.690625 0.0453125 0.690625
1 0.390625 0.7109375 0.4515625 0.7109375 0.4515625 0.81875 0.390625 0.81875
1 0.403125 0.6046875 0.4765625 0.6046875 0.4765625 0.7171875 0.403125 0.7171875
1 0.890625 0.615625 0.9984375 0.615625 0.9984375 0.684375 0.890625 0.684375
1 0.265625 0.53125 0.365625 0.53125 0.365625 0.596875 0.265625 0.596875