0 0.140625 0.4546875 0.2703125 0.4546875 0.2703125 0.578125 0.140625 0.578125
0 0.4 0.5171875 0.5125 0.5171875 0.5125 0.6390625 0.4 0.6390625
0 0.59375 0 0.65625 0 0.65625 0.146875 0.59375 0.146875
0 0.1953125 0.59375 0.309375 0.59375 0.309375 0.7125 0.1953125 0.7125
1 0.103125 0.353125 0.1890625 0.353125 0.1890625 0.4828125 0.103125 0.4828125
1 0.7625 0.1015625 0.8671875 0.1015625 0.8671875 0.190625 0.7625 0.190625
1 0.7203125 0.19375 0.778125 0.19375 0.778125 0.3234375 0.7203125 0.3234375
1 0.5640625 0.35625 0.6125 0.35625 0.6125 0.5 0.5640625 0.5
1 0.69375 0.375 0.746875 0.375 0.746875 0.5171875 0.69375 0.5171875
1 0.609375 0.4140625 0.6921875 0.4140625 0.6921875 0.515625 0.609375 0.515625
1 0.796875 0.303125 0.890625 0.303125 0.890625 0.3859375 0.796875 0.3859375
1 0.903125 0.1875 1 0.1875 1 0.2625 0.903125 0.2625
1 0.4984375 0.565625 0.578125 0.565625 0.578125 0.703125 0.4984375 0.703125
0 0.2671875 0.678125 0.340625 0.678125 0.340625 0.7765625 0.2671875 0.7765625
1 0.828125 0.540625 0.9421875 0.540625 0.9421875 0.6328125 0.828125 0.6328125
1 0.8375 0.4796875 0.9546875 0.4796875 0.9546875 0.540625 0.8375 0.540625
1 0.78125 0.38125 0.846875 0.38125 0.846875 0.5375 0.78125 0.5375
1 0.8546875 0.6375 0.9046875 0.6375 0.9046875 0.7921875 0.8546875 0.7921875
1 0.8984375 0.596875 0.95625 0.596875 0.95625 0.721875 0.8984375 0.721875
1 0.3546875 0.571875 0.415625 0.571875 0.415625 0.709375 0.3546875 0.709375
1 0.1359375 0.5828125 0.228125 0.5828125 0.228125 0.7078125 0.1359375 0.7078125
1 0.0609375 0.615625 0.109375 0.615625 0.109375 0.765625 0.0609375 0.765625