0 0.2578125 0.521875 0.321875 0.521875 0.321875 0.68125 0.2578125 0.68125
0 0.3046875 0.5015625 0.3625 0.5015625 0.3625 0.65625 0.3046875 0.65625
0 0.08125 0.528125 0.1875 0.528125 0.1875 0.6578125 0.08125 0.6578125
0 0.0390625 0.578125 0.1265625 0.578125 0.1265625 0.725 0.0390625 0.725
0 0.2515625 0.1828125 0.334375 0.1828125 0.334375 0.3546875 0.2515625 0.3546875
0 0.596875 0.490625 0.66875 0.490625 0.66875 0.6453125 0.596875 0.6453125
0 0.484375 0.6640625 0.5703125 0.6640625 0.5703125 0.7921875 0.484375 0.7921875
0 0.54375 0.3921875 0.603125 0.3921875 0.603125 0.5390625 0.54375 0.5390625
1 0.046875 0.2984375 0.159375 0.2984375 0.159375 0.3734375 0.046875 0.3734375
1 0.021875 0.015625 0.078125 0.015625 0.078125 0.1375 0.021875 0.1375
1 0.559375 0 0.61875 0 0.61875 0.13125 0.559375 0.13125
1 0.8125 0.059375 0.921875 0.059375 0.921875 0.1484375 0.8125 0.1484375
1 0.9375 0.084375 1 0.084375 1 0.2625 0.9375 0.2625
1 0.815625 0.34375 0.8765625 0.34375 0.8765625 0.4921875 0.815625 0.4921875
1 0.690625 0.446875 0.7515625 0.446875 0.7515625 0.571875 0.690625 0.571875
1 0.671875 0.55 0.7140625 0.55 0.7140625 0.6984375 0.671875 0.6984375
1 0.73125 0.5296875 0.80625 0.5296875 0.80625 0.653125 0.73125 0.653125
1 0.7703125 0.6015625 0.840625 0.6015625 0.840625 0.728125 0.7703125 0.728125
1 0.85625 0.590625 0.903125 0.590625 0.903125 0.740625 0.85625 0.740625
1 0.590625 0.25625 0.6515625 0.25625 0.6515625 0.4015625 0.590625 0.4015625
1 0.3765625 0.3140625 0.4359375 0.3140625 0.4359375 0.45625 0.3765625 0.45625
1 0.2984375 0.4296875 0.403125 0.4296875 0.403125 0.496875 0.2984375 0.496875
1 0.4625 0.309375 0.54375 0.309375 0.54375 0.4078125 0.4625 0.4078125
1 0.028125 0.425 0.090625 0.425 0.090625 0.5484375 0.028125 0.5484375
1 0.109375 0.4171875 0.1671875 0.4171875 0.1671875 0.5390625 0.109375 0.5390625
1 0.303125 0.678125 0.3546875 0.678125 0.3546875 0.815625 0.303125 0.815625
1 0.3640625 0.5609375 0.4265625 0.5609375 0.4265625 0.6953125 0.3640625 0.6953125
1 0.4734375 0.5421875 0.534375 0.5421875 0.534375 0.6734375 0.4734375 0.6734375
1 0.503125 0.490625 0.565625 0.490625 0.565625 0.6140625 0.503125 0.6140625
1 0.603125 0.6546875 0.6609375 0.6546875 0.6609375 0.7640625 0.603125 0.7640625
1 0.925 0.5015625 1 0.5015625 1 0.565625 0.925 0.565625