0 0.7234375 0.55625 0.796875 0.55625 0.796875 0.725 0.7234375 0.725
0 0.3453125 0.3734375 0.4140625 0.3734375 0.4140625 0.521875 0.3453125 0.521875
0 0.5421875 0.6328125 0.6671875 0.6328125 0.6671875 0.7328125 0.5421875 0.7328125
0 0.36875 0.5578125 0.49375 0.5578125 0.49375 0.640625 0.36875 0.640625
0 0.209375 0.5953125 0.2796875 0.5953125 0.2796875 0.759375 0.209375 0.759375
1 0.4265625 0.375 0.4828125 0.375 0.4828125 0.55 0.4265625 0.55
1 0.625 0.434375 0.7203125 0.434375 0.7203125 0.525 0.625 0.525
1 0.5828125 0.38125 0.65 0.38125 0.65 0.496875 0.5828125 0.496875
1 0.6609375 0.509375 0.7171875 0.509375 0.7171875 0.640625 0.6609375 0.640625
1 0.4921875 0.55625 0.5953125 0.55625 0.5953125 0.6484375 0.4921875 0.6484375
1 0.403125 0.628125 0.4734375 0.628125 0.4734375 0.7390625 0.403125 0.7390625
1 0.2984375 0.55 0.3609375 0.55 0.3609375 0.7 0.2984375 0.7
1 0.2109375 0.3546875 0.309375 0.3546875 0.309375 0.4546875 0.2109375 0.4546875
1 0.2734375 0.109375 0.346875 0.109375 0.346875 0.2515625 0.2734375 0.2515625
1 0.6609375 0.0296875 0.7609375 0.0296875 0.7609375 0.1109375 0.6609375 0.1109375
1 0.940625 0.0734375 0.9921875 0.0734375 0.9921875 0.209375 0.940625 0.209375
1 0.828125 0.696875 0.9234375 0.696875 0.9234375 0.775 0.828125 0.775
0 0.4421875 0.6921875 0.509375 0.6921875 0.509375 0.80625 0.4421875 0.80625