0 0.1953125 0.5984375 0.3109375 0.5984375 0.3109375 0.6921875 0.1953125 0.6921875
0 0.271875 0.578125 0.3875 0.578125 0.3875 0.665625 0.271875 0.665625
0 0.565625 0.6015625 0.6890625 0.6015625 0.6890625 0.690625 0.565625 0.690625
0 0.540625 0.5234375 0.646875 0.5234375 0.646875 0.609375 0.540625 0.609375
0 0.1125 0.275 0.2265625 0.275 0.2265625 0.3953125 0.1125 0.3953125
1 0.4546875 0.4828125 0.565625 0.4828125 0.565625 0.5484375 0.4546875 0.5484375
1 0.2796875 0.2734375 0.371875 0.2734375 0.371875 0.390625 0.2796875 0.390625
1 0.234375 0.4546875 0.284375 0.4546875 0.284375 0.590625 0.234375 0.590625
1 0.484375 0.325 0.540625 0.325 0.540625 0.4625 0.484375 0.4625
1 0.5015625 0.240625 0.58125 0.240625 0.58125 0.3546875 0.5015625 0.3546875
1 0.628125 0.3265625 0.740625 0.3265625 0.740625 0.459375 0.628125 0.459375
1 0.6421875 0.115625 0.7015625 0.115625 0.7015625 0.2984375 0.6421875 0.2984375
1 0.6453125 0.5015625 0.7453125 0.5015625 0.7453125 0.590625 0.6453125 0.590625
1 0.771875 0.5953125 0.8140625 0.5953125 0.8140625 0.7234375 0.771875 0.7234375
1 0.8125 0.615625 0.9078125 0.615625 0.9078125 0.6859375 0.8125 0.6859375
1 0.9 0.5765625 0.9578125 0.5765625 0.9578125 0.709375 0.9 0.709375
1 0.3296875 0.440625 0.396875 0.440625 0.396875 0.534375 0.3296875 0.534375
1 0.38125 0.5046875 0.428125 0.5046875 0.428125 0.640625 0.38125 0.640625
1 0.1125 0.5421875 0.2171875 0.5421875 0.2171875 0.609375 0.1125 0.609375
1 0.096875 0.4859375 0.2078125 0.4859375 0.2078125 0.540625 0.096875 0.540625
1 0.0421875 0.440625 0.1296875 0.440625 0.1296875 0.5140625 0.0421875 0.5140625
1 0.078125 0.571875 0.1234375 0.571875 0.1234375 0.6875 0.078125 0.6875
1 0.021875 0.6171875 0.0640625 0.6171875 0.0640625 0.7609375 0.021875 0.7609375
0 0 0.1296875 0.1078125 0.1296875 0.1078125 0.240625 0 0.240625
1 0.10625 0.1796875 0.190625 0.1796875 0.190625 0.2796875 0.10625 0.2796875
0 0.2625 0.678125 0.371875 0.678125 0.371875 0.7984375 0.2625 0.7984375
0 0.4453125 0.6015625 0.51875 0.6015625 0.51875 0.7578125 0.4453125 0.7578125