0 0.2875 0.1625 0.3765625 0.1625 0.3765625 0.33125 0.2875 0.33125
0 0.3578125 0.6640625 0.471875 0.6640625 0.471875 0.78125 0.3578125 0.78125
1 0.1765625 0.5203125 0.296875 0.5203125 0.296875 0.59375 0.1765625 0.59375
1 0.0921875 0.421875 0.221875 0.421875 0.221875 0.4953125 0.0921875 0.4953125
1 0.0125 0.525 0.1375 0.525 0.1375 0.59375 0.0125 0.59375
1 0.0015625 0.6 0.065625 0.6 0.065625 0.7375 0.0015625 0.7375
1 0.6421875 0 0.73125 0 0.73125 0.1171875 0.6421875 0.1171875
1 0.865625 0.2984375 0.9453125 0.2984375 0.9453125 0.4234375 0.865625 0.4234375
1 0.9265625 0.6296875 0.971875 0.6296875 0.971875 0.75625 0.9265625 0.75625
1 0.596875 0.675 0.646875 0.675 0.646875 0.821875 0.596875 0.821875
1 0.290625 0.6546875 0.346875 0.6546875 0.346875 0.7953125 0.290625 0.7953125
1 0.8140625 0.553125 0.890625 0.553125 0.890625 0.6890625 0.8140625 0.6890625
0 0.721875 0.684375 0.8078125 0.684375 0.8078125 0.8234375 0.721875 0.8234375