0 0.6 0.4859375 0.69375 0.4859375 0.69375 0.640625 0.6 0.640625
0 0.425 0.5109375 0.5515625 0.5109375 0.5515625 0.628125 0.425 0.628125
0 0.521875 0.6875 0.646875 0.6875 0.646875 0.7734375 0.521875 0.7734375
0 0.128125 0.6625 0.246875 0.6625 0.246875 0.796875 0.128125 0.796875
1 0.1296875 0.553125 0.2484375 0.553125 0.2484375 0.646875 0.1296875 0.646875
1 0.534375 0.33125 0.6171875 0.33125 0.6171875 0.4265625 0.534375 0.4265625
1 0.4640625 0.2671875 0.521875 0.2671875 0.521875 0.4015625 0.4640625 0.4015625
1 0.3734375 0.4125 0.4171875 0.4125 0.4171875 0.5515625 0.3734375 0.5515625
1 0.240625 0.165625 0.325 0.165625 0.325 0.2765625 0.240625 0.2765625
1 0.05625 0.1625 0.146875 0.1625 0.146875 0.31875 0.05625 0.31875
1 0.1109375 0.4734375 0.2 0.4734375 0.2 0.5765625 0.1109375 0.5765625
1 0.059375 0.4921875 0.1203125 0.4921875 0.1203125 0.6296875 0.059375 0.6296875
1 0.0703125 0.63125 0.128125 0.63125 0.128125 0.778125 0.0703125 0.778125
1 0.4484375 0.653125 0.5421875 0.653125 0.5421875 0.7359375 0.4484375 0.7359375
1 0.690625 0.40625 0.7375 0.40625 0.7375 0.54375 0.690625 0.54375
1 0.73125 0.4484375 0.803125 0.4484375 0.803125 0.5453125 0.73125 0.5453125
1 0.88125 0.5125 0.9421875 0.5125 0.9421875 0.6484375 0.88125 0.6484375
1 0.9125 0.4015625 0.9859375 0.4015625 0.9859375 0.53125 0.9125 0.53125
1 0.921875 0.015625 0.9796875 0.015625 0.9796875 0.1375 0.921875 0.1375
1 0.490625 0 0.55 0 0.55 0.121875 0.490625 0.121875
1 0.546875 0 0.6265625 0 0.6265625 0.084375 0.546875 0.084375
1 0.596875 0.2671875 0.6734375 0.2671875 0.6734375 0.375 0.596875 0.375
1 0.821875 0.5015625 0.871875 0.5015625 0.871875 0.6296875 0.821875 0.6296875
1 0.759375 0.5046875 0.8265625 0.5046875 0.8265625 0.6296875 0.759375 0.6296875
1 0.690625 0.553125 0.7453125 0.553125 0.7453125 0.696875 0.690625 0.696875
1 0 0.428125 0.05 0.428125 0.05 0.55 0 0.55
0 0 0.56875 0.084375 0.56875 0.084375 0.709375 0 0.709375