0 0.2359375 0.5984375 0.3515625 0.5984375 0.3515625 0.7109375 0.2359375 0.7109375
0 0.321875 0.375 0.3921875 0.375 0.3921875 0.5296875 0.321875 0.5296875
0 0.325 0 0.41875 0 0.41875 0.1484375 0.325 0.1484375
1 0.05625 0.0609375 0.0984375 0.0609375 0.0984375 0.19375 0.05625 0.19375
1 0.0734375 0.2484375 0.159375 0.2484375 0.159375 0.3125 0.0734375 0.3125
1 0 0.3 0.0921875 0.3 0.0921875 0.365625 0 0.365625
1 0.06875 0.390625 0.1703125 0.390625 0.1703125 0.4625 0.06875 0.4625
1 0.078125 0.4765625 0.18125 0.4765625 0.18125 0.54375 0.078125 0.54375
1 0.2 0.390625 0.290625 0.390625 0.290625 0.4640625 0.2 0.4640625
1 0.4328125 0.265625 0.49375 0.265625 0.49375 0.4078125 0.4328125 0.4078125
1 0.221875 0.065625 0.3140625 0.065625 0.3140625 0.178125 0.221875 0.178125
1 0.715625 0.0265625 0.7796875 0.0265625 0.7796875 0.159375 0.715625 0.159375
1 0.803125 0.078125 0.8828125 0.078125 0.8828125 0.1734375 0.803125 0.1734375
1 0.9265625 0.2640625 0.996875 0.2640625 0.996875 0.4 0.9265625 0.4
1 0.8890625 0.15625 0.959375 0.15625 0.959375 0.265625 0.8890625 0.265625
1 0.6640625 0.55625 0.7203125 0.55625 0.7203125 0.6875 0.6640625 0.6875
1 0.5625 0.4296875 0.6125 0.4296875 0.6125 0.575 0.5625 0.575
1 0.7546875 0.46875 0.840625 0.46875 0.840625 0.5890625 0.7546875 0.5890625
1 0.8390625 0.5046875 0.9453125 0.5046875 0.9453125 0.5734375 0.8390625 0.5734375
1 0.8609375 0.5671875 0.921875 0.5671875 0.921875 0.703125 0.8609375 0.703125
1 0.35 0.521875 0.428125 0.521875 0.428125 0.625 0.35 0.625
1 0.4203125 0.575 0.4953125 0.575 0.4953125 0.69375 0.4203125 0.69375