0 0.403125 0.48125 0.49375 0.48125 0.49375 0.6203125 0.403125 0.6203125
0 0.115625 0.678125 0.225 0.678125 0.225 0.7734375 0.115625 0.7734375
0 0.221875 0.590625 0.3171875 0.590625 0.3171875 0.71875 0.221875 0.71875
0 0.2375 0.7015625 0.3296875 0.7015625 0.3296875 0.815625 0.2375 0.815625
0 0 0.334375 0.0875 0.334375 0.0875 0.4515625 0 0.4515625
1 0.0625 0.2390625 0.125 0.2390625 0.125 0.3578125 0.0625 0.3578125
1 0 0.1984375 0.065625 0.1984375 0.065625 0.309375 0 0.309375
1 0.009375 0.0359375 0.05625 0.0359375 0.05625 0.159375 0.009375 0.159375
1 0.1265625 0.040625 0.196875 0.040625 0.196875 0.15625 0.1265625 0.15625
1 0.4328125 0.2734375 0.49375 0.2734375 0.49375 0.4078125 0.4328125 0.4078125
1 0.5359375 0.378125 0.6328125 0.378125 0.6328125 0.4484375 0.5359375 0.4484375
1 0.5828125 0.4578125 0.640625 0.4578125 0.640625 0.590625 0.5828125 0.590625
1 0.3953125 0.5984375 0.4828125 0.5984375 0.4828125 0.703125 0.3953125 0.703125
1 0.4890625 0.609375 0.5359375 0.609375 0.5359375 0.7359375 0.4890625 0.7359375
1 0.521875 0.5421875 0.578125 0.5421875 0.578125 0.6734375 0.521875 0.6734375
0 0.59375 0.5828125 0.646875 0.5828125 0.646875 0.75625 0.59375 0.75625
1 0.6453125 0.5671875 0.6984375 0.5671875 0.6984375 0.70625 0.6453125 0.70625
1 0.771875 0.615625 0.83125 0.615625 0.83125 0.740625 0.771875 0.740625
1 0.6640625 0.659375 0.7390625 0.659375 0.7390625 0.771875 0.6640625 0.771875
1 0.265625 0.4609375 0.31875 0.4609375 0.31875 0.590625 0.265625 0.590625
1 0.1828125 0.5234375 0.284375 0.5234375 0.284375 0.5875 0.1828125 0.5875
1 0.0671875 0.615625 0.1828125 0.615625 0.1828125 0.684375 0.0671875 0.684375
1 0.434375 0.43125 0.528125 0.43125 0.528125 0.4921875 0.434375 0.4921875
1 0.821875 0.3796875 0.8859375 0.3796875 0.8859375 0.515625 0.821875 0.515625
1 0.8828125 0.446875 0.940625 0.446875 0.940625 0.5796875 0.8828125 0.5796875
1 0.8625 0.5328125 0.9109375 0.5328125 0.9109375 0.665625 0.8625 0.665625
1 0.803125 0.5171875 0.8703125 0.5171875 0.8703125 0.63125 0.803125 0.63125
1 0.903125 0.6125 0.95625 0.6125 0.95625 0.753125 0.903125 0.753125
0 0.9046875 0.7421875 1 0.7421875 1 0.8234375 0.9046875 0.8234375