0 0.0078125 0.4984375 0.084375 0.4984375 0.084375 0.65625 0.0078125 0.65625
0 0.046875 0.6484375 0.178125 0.6484375 0.178125 0.7546875 0.046875 0.7546875
1 0.6421875 0.30625 0.690625 0.30625 0.690625 0.44375 0.6421875 0.44375
1 0.5859375 0.4296875 0.6625 0.4296875 0.6625 0.521875 0.5859375 0.521875
1 0.496875 0.4046875 0.559375 0.4046875 0.559375 0.5390625 0.496875 0.5390625
1 0.4421875 0.525 0.5 0.525 0.5 0.6625 0.4421875 0.6625
1 0.4546875 0.6140625 0.515625 0.6140625 0.515625 0.7421875 0.4546875 0.7421875
1 0.2109375 0.390625 0.315625 0.390625 0.315625 0.478125 0.2109375 0.478125
1 0.1109375 0.284375 0.203125 0.284375 0.203125 0.3734375 0.1109375 0.3734375
1 0.028125 0.2703125 0.0984375 0.2703125 0.0984375 0.3984375 0.028125 0.3984375
1 0.928125 0.45 0.9859375 0.45 0.9859375 0.571875 0.928125 0.571875
1 0.734375 0.6265625 0.8 0.6265625 0.8 0.75625 0.734375 0.75625
1 0.65 0.565625 0.7203125 0.565625 0.7203125 0.6921875 0.65 0.6921875
1 0.5484375 0.5015625 0.6421875 0.5015625 0.6421875 0.596875 0.5484375 0.596875
1 0.35625 0.65625 0.4359375 0.65625 0.4359375 0.765625 0.35625 0.765625
1 0.1765625 0.61875 0.290625 0.61875 0.290625 0.6953125 0.1765625 0.6953125
1 0.1015625 0.50625 0.1953125 0.50625 0.1953125 0.6265625 0.1015625 0.6265625
1 0.05625 0.7390625 0.165625 0.7390625 0.165625 0.80625 0.05625 0.80625
1 0.6796875 0.1984375 0.7515625 0.1984375 0.7515625 0.3046875 0.6796875 0.3046875
1 0.7765625 0 0.846875 0 0.846875 0.1046875 0.7765625 0.1046875