0 0.271875 0.10625 0.3453125 0.10625 0.3453125 0.271875 0.271875 0.271875
0 0.1328125 0.28125 0.23125 0.28125 0.23125 0.421875 0.1328125 0.421875
0 0.015625 0.153125 0.1140625 0.153125 0.1140625 0.2890625 0.015625 0.2890625
0 0.859375 0.396875 0.9828125 0.396875 0.9828125 0.5375 0.859375 0.5375
0 0.8671875 0.559375 1 0.559375 1 0.6578125 0.8671875 0.6578125
0 0.509375 0.6171875 0.6109375 0.6171875 0.6109375 0.7546875 0.509375 0.7546875
1 0.128125 0.60625 0.221875 0.60625 0.221875 0.7140625 0.128125 0.7140625
1 0.3234375 0.5046875 0.4046875 0.5046875 0.4046875 0.56875 0.3234375 0.56875
1 0.4046875 0.496875 0.4515625 0.496875 0.4515625 0.64375 0.4046875 0.64375
1 0.4296875 0.2484375 0.478125 0.2484375 0.478125 0.409375 0.4296875 0.409375
1 0.575 0.3203125 0.625 0.3203125 0.625 0.459375 0.575 0.459375
1 0.6796875 0.2 0.728125 0.2 0.728125 0.340625 0.6796875 0.340625
1 0.621875 0.490625 0.6828125 0.490625 0.6828125 0.6265625 0.621875 0.6265625
1 0.6921875 0.584375 0.7640625 0.584375 0.7640625 0.7234375 0.6921875 0.7234375
1 0.59375 0.625 0.684375 0.625 0.684375 0.715625 0.59375 0.715625
1 0.471875 0.465625 0.5171875 0.465625 0.5171875 0.5859375 0.471875 0.5859375
1 0.6734375 0.465625 0.759375 0.465625 0.759375 0.5609375 0.6734375 0.5609375
0 0.434375 0.6484375 0.503125 0.6484375 0.503125 0.796875 0.434375 0.796875