0 0.7125 0.3671875 0.7828125 0.3671875 0.7828125 0.5296875 0.7125 0.5296875
0 0.38125 0.3765625 0.503125 0.3765625 0.503125 0.484375 0.38125 0.484375
0 0.2875 0.2734375 0.3984375 0.2734375 0.3984375 0.415625 0.2875 0.415625
0 0.2015625 0.375 0.25625 0.375 0.25625 0.528125 0.2015625 0.528125
0 0.1109375 0.253125 0.228125 0.253125 0.228125 0.3765625 0.1109375 0.3765625
1 0.2359375 0.0796875 0.3421875 0.0796875 0.3421875 0.1578125 0.2359375 0.1578125
1 0.5671875 0.475 0.634375 0.475 0.634375 0.60625 0.5671875 0.60625
1 0.5140625 0.4875 0.5734375 0.4875 0.5734375 0.6359375 0.5140625 0.6359375
1 0.3859375 0.54375 0.4375 0.54375 0.4375 0.6890625 0.3859375 0.6890625
1 0.1328125 0.465625 0.2 0.465625 0.2 0.6046875 0.1328125 0.6046875
1 0.8078125 0.478125 0.9125 0.478125 0.9125 0.58125 0.8078125 0.58125
1 0.7484375 0.5234375 0.809375 0.5234375 0.809375 0.6546875 0.7484375 0.6546875
0 0.6390625 0.5453125 0.7453125 0.5453125 0.7453125 0.690625 0.6390625 0.690625
1 0.315625 0.578125 0.3890625 0.578125 0.3890625 0.675 0.315625 0.675
1 0.8671875 0.6 0.9484375 0.6 0.9484375 0.715625 0.8671875 0.715625
1 0.440625 0.5265625 0.534375 0.5265625 0.534375 0.628125 0.440625 0.628125
1 0.584375 0.6 0.6578125 0.6 0.6578125 0.740625 0.584375 0.740625
1 0.25 0.2703125 0.31875 0.2703125 0.31875 0.403125 0.25 0.403125
1 0.203125 0.534375 0.2890625 0.534375 0.2890625 0.7140625 0.203125 0.7140625
1 0.0578125 0.64375 0.15625 0.64375 0.15625 0.7328125 0.0578125 0.7328125
1 0.284375 0.734375 0.38125 0.734375 0.38125 0.8203125 0.284375 0.8203125
1 0 0.640625 0.0765625 0.640625 0.0765625 0.7484375 0 0.7484375
1 0.1515625 0.6203125 0.203125 0.6203125 0.203125 0.7484375 0.1515625 0.7484375
1 0.4984375 0.6375 0.5890625 0.6375 0.5890625 0.7421875 0.4984375 0.7421875