0 0.21875 0.3515625 0.3078125 0.3515625 0.3078125 0.5078125 0.21875 0.5078125
0 0.084375 0.5734375 0.225 0.5734375 0.225 0.659375 0.084375 0.659375
1 0.0953125 0.3328125 0.1484375 0.3328125 0.1484375 0.484375 0.0953125 0.484375
1 0.190625 0.2140625 0.25625 0.2140625 0.25625 0.346875 0.190625 0.346875
1 0.25 0.1 0.3171875 0.1 0.3171875 0.2515625 0.25 0.2515625
1 0.1640625 0.003125 0.2625 0.003125 0.2625 0.1 0.1640625 0.1
1 0.5390625 0.35 0.5921875 0.35 0.5921875 0.49375 0.5390625 0.49375
1 0.3234375 0.5375 0.425 0.5375 0.425 0.6375 0.3234375 0.6375
1 0.2953125 0.6 0.359375 0.6 0.359375 0.7515625 0.2953125 0.7515625
0 0.659375 0.1828125 0.7484375 0.1828125 0.7484375 0.353125 0.659375 0.353125
0 0.775 0.2328125 0.8921875 0.2328125 0.8921875 0.36875 0.775 0.36875
1 0.6921875 0.3015625 0.78125 0.3015625 0.78125 0.4078125 0.6921875 0.4078125
1 0.65 0.565625 0.7484375 0.565625 0.7484375 0.6828125 0.65 0.6828125
1 0.79375 0.4953125 0.871875 0.4953125 0.871875 0.6078125 0.79375 0.6078125
1 0.7390625 0.6140625 0.821875 0.6140625 0.821875 0.7390625 0.7390625 0.7390625
1 0.840625 0.63125 0.940625 0.63125 0.940625 0.71875 0.840625 0.71875
0 0.8 0.6984375 0.928125 0.6984375 0.928125 0.81875 0.8 0.81875
0 0.753125 0.3421875 0.8203125 0.3421875 0.8203125 0.490625 0.753125 0.490625
1 0.35625 0.6390625 0.434375 0.6390625 0.434375 0.759375 0.35625 0.759375
1 0.26875 0.7984375 0.35 0.7984375 0.35 0.915625 0.26875 0.915625
1 0.171875 0.7390625 0.2578125 0.7390625 0.2578125 0.8625 0.171875 0.8625
0 0.125 0.6703125 0.2578125 0.6703125 0.2578125 0.7421875 0.125 0.7421875
0 0.578125 0.6765625 0.6640625 0.6765625 0.6640625 0.775 0.578125 0.775
1 0.690625 0.7375 0.846875 0.7375 0.846875 0.8390625 0.690625 0.8390625
1 0.4453125 0.665625 0.5265625 0.665625 0.5265625 0.76875 0.4453125 0.76875
1 0.09375 0.91875 0.2953125 0.91875 0.2953125 1 0.09375 1
1 0.4234375 0.75 0.5375 0.75 0.5375 0.83125 0.4234375 0.83125