0 0.6078125 0.3578125 0.74375 0.3578125 0.74375 0.5171875 0.6078125 0.5171875
1 0.7375 0.0890625 0.8109375 0.0890625 0.8109375 0.23125 0.7375 0.23125
1 0.7359375 0.2078125 0.86875 0.2078125 0.86875 0.2984375 0.7359375 0.2984375
1 0.775 0.3125 0.8765625 0.3125 0.8765625 0.4609375 0.775 0.4609375
1 0.85 0.5296875 0.934375 0.5296875 0.934375 0.6578125 0.85 0.6578125
0 0.4046875 0.275 0.490625 0.275 0.490625 0.4296875 0.4046875 0.4296875
0 0.375 0.396875 0.484375 0.396875 0.484375 0.5328125 0.375 0.5328125
1 0.2671875 0.5421875 0.390625 0.5421875 0.390625 0.6546875 0.2671875 0.6546875
1 0.296875 0.3921875 0.375 0.3921875 0.375 0.5171875 0.296875 0.5171875
1 0.1828125 0.428125 0.2734375 0.428125 0.2734375 0.5625 0.1828125 0.5625
1 0.2265625 0.8609375 0.40625 0.8609375 0.40625 0.9734375 0.2265625 0.9734375
0 0.6109375 0.5109375 0.7359375 0.5109375 0.7359375 0.590625 0.6109375 0.590625
1 0.0765625 0.5921875 0.1859375 0.5921875 0.1859375 0.6765625 0.0765625 0.6765625
1 0.33125 0.71875 0.409375 0.71875 0.409375 0.815625 0.33125 0.815625
1 0.5828125 0.634375 0.6875 0.634375 0.6875 0.7484375 0.5828125 0.7484375
1 0.7171875 0.6296875 0.81875 0.6296875 0.81875 0.721875 0.7171875 0.721875
1 0.834375 0.65625 0.909375 0.65625 0.909375 0.7359375 0.834375 0.7359375
1 0.565625 0.8359375 0.7125 0.8359375 0.7125 0.95 0.565625 0.95
1 0.6796875 0.7984375 0.7921875 0.7984375 0.7921875 0.8859375 0.6796875 0.8859375
0 0.1171875 0.7375 0.234375 0.7375 0.234375 0.89375 0.1171875 0.89375
1 0.509375 0.4890625 0.56875 0.4890625 0.56875 0.6109375 0.509375 0.6109375
1 0.0015625 0.58125 0.0765625 0.58125 0.0765625 0.725 0.0015625 0.725
1 0.05625 0.66875 0.1859375 0.66875 0.1859375 0.74375 0.05625 0.74375
1 0.8671875 0.746875 0.9859375 0.746875 0.9859375 0.8359375 0.8671875 0.8359375
1 0.9046875 0.6421875 1 0.6421875 1 0.7328125 0.9046875 0.7328125
1 0.5140625 0.609375 0.6078125 0.609375 0.6078125 0.7296875 0.5140625 0.7296875
1 0.4765625 0.7421875 0.584375 0.7421875 0.584375 0.8296875 0.4765625 0.8296875
1 0.6984375 0.759375 0.81875 0.759375 0.81875 0.8171875 0.6984375 0.8171875
1 0.4109375 0.5015625 0.4890625 0.5015625 0.4890625 0.6390625 0.4109375 0.6390625