0 0.7375 0.5296875 0.8359375 0.5296875 0.8359375 0.6734375 0.7375 0.6734375
1 0.8296875 0.453125 0.878125 0.453125 0.878125 0.590625 0.8296875 0.590625
1 0.8015625 0.15 0.859375 0.15 0.859375 0.278125 0.8015625 0.278125
1 0.6296875 0.4046875 0.69375 0.4046875 0.69375 0.54375 0.6296875 0.54375
1 0.5296875 0.4546875 0.63125 0.4546875 0.63125 0.521875 0.5296875 0.521875
1 0.359375 0.48125 0.43125 0.48125 0.43125 0.6140625 0.359375 0.6140625
1 0.4046875 0.6390625 0.45 0.6390625 0.45 0.80625 0.4046875 0.80625
1 0.284375 0.6265625 0.36875 0.6265625 0.36875 0.7421875 0.284375 0.7421875
1 0.1453125 0.58125 0.190625 0.58125 0.190625 0.7359375 0.1453125 0.7359375
1 0.1046875 0.4265625 0.18125 0.4265625 0.18125 0.5484375 0.1046875 0.5484375
1 0.00625 0.365625 0.071875 0.365625 0.071875 0.490625 0.00625 0.490625
1 0.953125 0.2671875 1 0.2671875 1 0.3984375 0.953125 0.3984375