0 0.3484375 0.321875 0.425 0.321875 0.425 0.4671875 0.3484375 0.4671875
0 0.278125 0.38125 0.346875 0.38125 0.346875 0.5453125 0.278125 0.5453125
0 0.4453125 0.00625 0.4953125 0.00625 0.4953125 0.1671875 0.4453125 0.1671875
0 0.515625 0.2296875 0.5796875 0.2296875 0.5796875 0.3890625 0.515625 0.3890625
0 0.621875 0.53125 0.6765625 0.53125 0.6765625 0.6859375 0.621875 0.6859375
0 0.6296875 0.6875 0.75 0.6875 0.75 0.803125 0.6296875 0.803125
1 0.34375 0.4859375 0.3921875 0.4859375 0.3921875 0.625 0.34375 0.625
1 0.403125 0.453125 0.453125 0.453125 0.453125 0.575 0.403125 0.575
1 0.4125 0.590625 0.4734375 0.590625 0.4734375 0.715625 0.4125 0.715625
1 0.4390625 0.3328125 0.484375 0.3328125 0.484375 0.46875 0.4390625 0.46875
1 0.4765625 0.340625 0.5328125 0.340625 0.5328125 0.4546875 0.4765625 0.4546875
1 0.3921875 0.2296875 0.4875 0.2296875 0.4875 0.325 0.3921875 0.325
1 0.4109375 0.175 0.5 0.175 0.5 0.2390625 0.4109375 0.2390625
1 0.259375 0.0734375 0.3140625 0.0734375 0.3140625 0.246875 0.259375 0.246875
1 0.6109375 0.0125 0.6703125 0.0125 0.6703125 0.146875 0.6109375 0.146875
1 0.721875 0.071875 0.8078125 0.071875 0.8078125 0.1796875 0.721875 0.1796875
1 0.5484375 0.2015625 0.65 0.2015625 0.65 0.284375 0.5484375 0.284375
1 0.571875 0.41875 0.6609375 0.41875 0.6609375 0.515625 0.571875 0.515625
1 0.6953125 0.525 0.74375 0.525 0.74375 0.66875 0.6953125 0.66875
1 0.75 0.428125 0.8109375 0.428125 0.8109375 0.5578125 0.75 0.5578125
1 0.8109375 0.440625 0.85625 0.440625 0.85625 0.5875 0.8109375 0.5875
1 0.84375 0.659375 0.95 0.659375 0.95 0.715625 0.84375 0.715625
1 0.16875 0.765625 0.278125 0.765625 0.278125 0.8234375 0.16875 0.8234375