0 0.075 0.4625 0.1859375 0.4625 0.1859375 0.565625 0.075 0.565625
0 0.0640625 0.059375 0.1453125 0.059375 0.1453125 0.215625 0.0640625 0.215625
0 0.475 0.496875 0.5578125 0.496875 0.5578125 0.65 0.475 0.65
0 0.2625 0.4453125 0.33125 0.4453125 0.33125 0.60625 0.2625 0.60625
0 0.790625 0.5046875 0.928125 0.5046875 0.928125 0.590625 0.790625 0.590625
0 0.0640625 0.56875 0.178125 0.56875 0.178125 0.7 0.0640625 0.7
0 0.253125 0.6921875 0.3328125 0.6921875 0.3328125 0.821875 0.253125 0.821875
1 0.003125 0.1984375 0.046875 0.1984375 0.046875 0.3171875 0.003125 0.3171875
1 0.190625 0.08125 0.24375 0.08125 0.24375 0.2234375 0.190625 0.2234375
1 0.1859375 0.3734375 0.234375 0.3734375 0.234375 0.5296875 0.1859375 0.5296875
1 0.3890625 0.5734375 0.4640625 0.5734375 0.4640625 0.684375 0.3890625 0.684375
1 0.334375 0.646875 0.396875 0.646875 0.396875 0.753125 0.334375 0.753125
1 0.834375 0.5984375 0.8890625 0.5984375 0.8890625 0.7171875 0.834375 0.7171875
1 0.925 0.340625 1 0.340625 1 0.459375 0.925 0.459375
1 0.7359375 0.66875 0.834375 0.66875 0.834375 0.7625 0.7359375 0.7625
1 0.8453125 0.6921875 0.925 0.6921875 0.925 0.7953125 0.8453125 0.7953125
1 0.534375 0.7828125 0.5921875 0.7828125 0.5921875 0.903125 0.534375 0.903125
1 0.08125 0.75625 0.1921875 0.75625 0.1921875 0.840625 0.08125 0.840625
0 0 0.3203125 0.1265625 0.3203125 0.1265625 0.425 0 0.425
0 0.428125 0.6984375 0.5171875 0.6984375 0.5171875 0.8171875 0.428125 0.8171875
0 0 0.534375 0.0578125 0.534375 0.0578125 0.6765625 0 0.6765625
1 0.9453125 0.6078125 1 0.6078125 1 0.734375 0.9453125 0.734375