0 0.5078125 0.1328125 0.6171875 0.1328125 0.6171875 0.2828125 0.5078125 0.2828125
1 0.4265625 0.228125 0.525 0.228125 0.525 0.3515625 0.4265625 0.3515625
0 0.728125 0.253125 0.8015625 0.253125 0.8015625 0.4171875 0.728125 0.4171875
1 0.678125 0.56875 0.7421875 0.56875 0.7421875 0.7015625 0.678125 0.7015625
1 0.878125 0.5921875 0.9796875 0.5921875 0.9796875 0.696875 0.878125 0.696875
1 0.690625 0.6734375 0.7859375 0.6734375 0.7859375 0.778125 0.690625 0.778125
1 0.578125 0.6046875 0.6828125 0.6046875 0.6828125 0.696875 0.578125 0.696875
1 0.5453125 0.528125 0.675 0.528125 0.675 0.6015625 0.5453125 0.6015625
1 0.465625 0.540625 0.5375 0.540625 0.5375 0.6875 0.465625 0.6875
0 0.3203125 0.5015625 0.3921875 0.5015625 0.3921875 0.65625 0.3203125 0.65625
1 0.0515625 0.5390625 0.1296875 0.5390625 0.1296875 0.6703125 0.0515625 0.6703125
1 0.4203125 0.6296875 0.4875 0.6296875 0.4875 0.7578125 0.4203125 0.7578125
1 0.8375 0.3421875 0.9078125 0.3421875 0.9078125 0.4359375 0.8375 0.4359375
1 0.9 0.3234375 0.99375 0.3234375 0.99375 0.4203125 0.9 0.4203125
1 0.7 0.8265625 0.8359375 0.8265625 0.8359375 0.975 0.7 0.975
1 0.4515625 0.825 0.578125 0.825 0.578125 0.8859375 0.4515625 0.8859375
1 0.1015625 0.7375 0.203125 0.7375 0.203125 0.8296875 0.1015625 0.8296875
1 0.35 0.7375 0.4671875 0.7375 0.4671875 0.8328125 0.35 0.8328125
1 0.6109375 0.75 0.734375 0.75 0.734375 0.840625 0.6109375 0.840625
1 0.2578125 0.5765625 0.33125 0.5765625 0.33125 0.7140625 0.2578125 0.7140625
1 0.7765625 0.7359375 0.8953125 0.7359375 0.8953125 0.821875 0.7765625 0.821875
1 0.040625 0.7078125 0.0890625 0.7078125 0.0890625 0.8375 0.040625 0.8375
1 0.5640625 0.709375 0.68125 0.709375 0.68125 0.7859375 0.5640625 0.7859375
1 0.490625 0.7 0.5328125 0.7 0.5328125 0.8140625 0.490625 0.8140625
1 0.2328125 0.559375 0.29375 0.559375 0.29375 0.646875 0.2328125 0.646875
1 0.165625 0.653125 0.2234375 0.653125 0.2234375 0.778125 0.165625 0.778125