0 0.7734375 0.5890625 0.85 0.5890625 0.85 0.7328125 0.7734375 0.7328125
0 0.7015625 0.56875 0.759375 0.56875 0.759375 0.7234375 0.7015625 0.7234375
0 0.628125 0.56875 0.703125 0.56875 0.703125 0.7140625 0.628125 0.7140625
0 0.6046875 0.475 0.7 0.475 0.7 0.6125 0.6046875 0.6125
0 0.528125 0.553125 0.6078125 0.553125 0.6078125 0.703125 0.528125 0.703125
0 0.490625 0.2484375 0.58125 0.2484375 0.58125 0.3984375 0.490625 0.3984375
0 0.509375 0.10625 0.615625 0.10625 0.615625 0.2421875 0.509375 0.2421875
0 0.921875 0.1796875 0.9828125 0.1796875 0.9828125 0.3515625 0.921875 0.3515625
1 0.3921875 0.3171875 0.446875 0.3171875 0.446875 0.45 0.3921875 0.45
1 0.2203125 0.3640625 0.271875 0.3640625 0.271875 0.5078125 0.2203125 0.5078125
1 0.0953125 0.4515625 0.190625 0.4515625 0.190625 0.5375 0.0953125 0.5375
1 0.4140625 0.096875 0.4953125 0.096875 0.4953125 0.209375 0.4140625 0.209375
1 0.5546875 0.440625 0.63125 0.440625 0.63125 0.5484375 0.5546875 0.5484375
1 0.496875 0.4359375 0.565625 0.4359375 0.565625 0.56875 0.496875 0.56875
1 0.45 0.3859375 0.5265625 0.3859375 0.5265625 0.5 0.45 0.5
1 0.4140625 0.49375 0.4921875 0.49375 0.4921875 0.60625 0.4140625 0.60625
1 0.4125 0.609375 0.46875 0.609375 0.46875 0.7421875 0.4125 0.7421875
1 0.2609375 0.5765625 0.359375 0.5765625 0.359375 0.6625 0.2609375 0.6625
1 0.165625 0.590625 0.2640625 0.590625 0.2640625 0.665625 0.165625 0.665625
1 0.2328125 0.6578125 0.346875 0.6578125 0.346875 0.7296875 0.2328125 0.7296875
1 0.06875 0.540625 0.1328125 0.540625 0.1328125 0.675 0.06875 0.675
1 0.79375 0 0.8484375 0 0.8484375 0.115625 0.79375 0.115625
1 0.740625 0.425 0.803125 0.425 0.803125 0.5625 0.740625 0.5625
1 0.675 0.4296875 0.746875 0.4296875 0.746875 0.5390625 0.675 0.5390625
1 0.478125 0.6171875 0.525 0.6171875 0.525 0.7515625 0.478125 0.7515625
0 0.790625 0.365625 0.890625 0.365625 0.890625 0.490625 0.790625 0.490625
1 0.5703125 0.271875 0.621875 0.271875 0.621875 0.3875 0.5703125 0.3875
1 0.1140625 0.6515625 0.2125 0.6515625 0.2125 0.74375 0.1140625 0.74375
1 0 0.5078125 0.034375 0.5078125 0.034375 0.634375 0 0.634375