1 0.934375 0.084375 0.9875 0.084375 0.9875 0.21875 0.934375 0.21875
1 0.640625 0.146875 0.734375 0.146875 0.734375 0.24375 0.640625 0.24375
1 0.4703125 0.315625 0.559375 0.315625 0.559375 0.4375 0.4703125 0.4375
1 0.2046875 0.31875 0.259375 0.31875 0.259375 0.4515625 0.2046875 0.4515625
1 0.121875 0.45625 0.2171875 0.45625 0.2171875 0.5515625 0.121875 0.5515625
1 0.1625 0.5734375 0.28125 0.5734375 0.28125 0.6453125 0.1625 0.6453125
1 0.4390625 0.5890625 0.4921875 0.5890625 0.4921875 0.7296875 0.4390625 0.7296875
1 0.725 0.403125 0.784375 0.403125 0.784375 0.528125 0.725 0.528125
1 0.634375 0.4015625 0.7015625 0.4015625 0.7015625 0.5234375 0.634375 0.5234375
0 0.58125 0.4671875 0.6359375 0.4671875 0.6359375 0.6234375 0.58125 0.6234375
1 0.728125 0.5421875 0.79375 0.5421875 0.79375 0.68125 0.728125 0.68125
1 0.7953125 0.6140625 0.8953125 0.6140625 0.8953125 0.66875 0.7953125 0.66875
1 0.6359375 0.5984375 0.709375 0.5984375 0.709375 0.7265625 0.6359375 0.7265625
1 0.3421875 0.7171875 0.446875 0.7171875 0.446875 0.7890625 0.3421875 0.7890625
1 0.8515625 0.6859375 0.9296875 0.6859375 0.9296875 0.8140625 0.8515625 0.8140625
1 0.871875 0.5875 0.9546875 0.5875 0.9546875 0.690625 0.871875 0.690625
1 0.5484375 0.7109375 0.609375 0.7109375 0.609375 0.81875 0.5484375 0.81875
1 0.525 0.6046875 0.5984375 0.6046875 0.5984375 0.7171875 0.525 0.7171875
1 0.0015625 0.615625 0.109375 0.615625 0.109375 0.684375 0.0015625 0.684375
1 0.6359375 0.53125 0.7359375 0.53125 0.7359375 0.596875 0.6359375 0.596875