0 0.7921875 0.109375 0.8859375 0.109375 0.8859375 0.2515625 0.7921875 0.2515625
0 0.6921875 0.575 0.765625 0.575 0.765625 0.7375 0.6921875 0.7375
0 0.0375 0.5109375 0.134375 0.5109375 0.134375 0.64375 0.0375 0.64375
1 0.4265625 0.3859375 0.51875 0.3859375 0.51875 0.446875 0.4265625 0.446875
1 0.7234375 0.1890625 0.7796875 0.1890625 0.7796875 0.334375 0.7234375 0.334375
1 0.590625 0.5125 0.690625 0.5125 0.690625 0.609375 0.590625 0.609375
1 0.778125 0.46875 0.821875 0.46875 0.821875 0.5890625 0.778125 0.5890625
1 0.8859375 0.40625 0.953125 0.40625 0.953125 0.5140625 0.8859375 0.5140625
1 0.9125 0.528125 0.9875 0.528125 0.9875 0.625 0.9125 0.625
0 0.790625 0.5515625 0.90625 0.5515625 0.90625 0.634375 0.790625 0.634375
1 0.634375 0.6109375 0.6921875 0.6109375 0.6921875 0.740625 0.634375 0.740625
1 0.4546875 0.6734375 0.5453125 0.6734375 0.5453125 0.7484375 0.4546875 0.7484375
1 0.3796875 0.6015625 0.446875 0.6015625 0.446875 0.7171875 0.3796875 0.7171875
1 0.4453125 0.578125 0.51875 0.578125 0.51875 0.6890625 0.4453125 0.6890625
1 0.3765625 0.446875 0.4265625 0.446875 0.4265625 0.6171875 0.3765625 0.6171875
1 0.334375 0.6234375 0.3984375 0.6234375 0.3984375 0.7578125 0.334375 0.7578125
1 0.2015625 0.6140625 0.3078125 0.6140625 0.3078125 0.69375 0.2015625 0.69375
1 0.203125 0.48125 0.253125 0.48125 0.253125 0.621875 0.203125 0.621875
1 0.1359375 0.46875 0.1875 0.46875 0.1875 0.6265625 0.1359375 0.6265625
1 0.0875 0.38125 0.14375 0.38125 0.14375 0.521875 0.0875 0.521875
1 0 0.45625 0.0890625 0.45625 0.0890625 0.5234375 0 0.5234375
1 0.5390625 0 0.58125 0 0.58125 0.1359375 0.5390625 0.1359375
0 0.421875 0 0.503125 0 0.503125 0.11875 0.421875 0.11875
1 0.5515625 0.6671875 0.6046875 0.6671875 0.6046875 0.778125 0.5515625 0.778125
1 0.8359375 0.653125 0.934375 0.653125 0.934375 0.734375 0.8359375 0.734375