0 0.4640625 0.365625 0.521875 0.365625 0.521875 0.540625 0.4640625 0.540625
0 0.659375 0.4625 0.7265625 0.4625 0.7265625 0.6234375 0.659375 0.6234375
0 0.2171875 0.346875 0.303125 0.346875 0.303125 0.475 0.2171875 0.475
0 0.309375 0.34375 0.4265625 0.34375 0.4265625 0.421875 0.309375 0.421875
0 0.2546875 0.1171875 0.309375 0.1171875 0.309375 0.2921875 0.2546875 0.2921875
0 0.5625 0.6203125 0.6140625 0.6203125 0.6140625 0.7921875 0.5625 0.7921875
1 0.728125 0.4796875 0.784375 0.4796875 0.784375 0.6234375 0.728125 0.6234375
1 0.775 0.1984375 0.828125 0.1984375 0.828125 0.3390625 0.775 0.3390625
1 0.5234375 0.246875 0.5984375 0.246875 0.5984375 0.3671875 0.5234375 0.3671875
1 0.4703125 0.2921875 0.553125 0.2921875 0.553125 0.390625 0.4703125 0.390625
1 0.546875 0.365625 0.6390625 0.365625 0.6390625 0.4578125 0.546875 0.4578125
1 0.4203125 0.18125 0.4859375 0.18125 0.4859375 0.29375 0.4203125 0.29375
1 0.040625 0.178125 0.1421875 0.178125 0.1421875 0.246875 0.040625 0.246875
1 0.015625 0.471875 0.065625 0.471875 0.065625 0.5921875 0.015625 0.5921875
1 0.071875 0.5515625 0.1671875 0.5515625 0.1671875 0.6046875 0.071875 0.6046875
1 0.1640625 0.496875 0.240625 0.496875 0.240625 0.6015625 0.1640625 0.6015625
1 0.3 0.4078125 0.378125 0.4078125 0.378125 0.5296875 0.3 0.5296875
1 0.4109375 0.6265625 0.459375 0.6265625 0.459375 0.7671875 0.4109375 0.7671875
1 0.490625 0.6125 0.5453125 0.6125 0.5453125 0.740625 0.490625 0.740625
1 0.53125 0.434375 0.584375 0.434375 0.584375 0.565625 0.53125 0.565625
1 0.3296875 0.5125 0.4078125 0.5125 0.4078125 0.6421875 0.3296875 0.6421875
1 0.234375 0.596875 0.278125 0.596875 0.278125 0.734375 0.234375 0.734375
1 0.2765625 0.590625 0.3296875 0.590625 0.3296875 0.7171875 0.2765625 0.7171875
1 0 0.3421875 0.06875 0.3421875 0.06875 0.4484375 0 0.4484375
1 0.5375 0.540625 0.603125 0.540625 0.603125 0.653125 0.5375 0.653125
1 0.690625 0.625 0.7796875 0.625 0.7796875 0.6953125 0.690625 0.6953125
1 0.7484375 0.5921875 0.83125 0.5921875 0.83125 0.709375 0.7484375 0.709375