0 0.471875 0.6109375 0.55625 0.6109375 0.55625 0.746875 0.471875 0.746875
0 0.465625 0.1953125 0.5359375 0.1953125 0.5359375 0.3546875 0.465625 0.3546875
0 0.1203125 0.140625 0.2109375 0.140625 0.2109375 0.2921875 0.1203125 0.2921875
0 0.190625 0.4046875 0.259375 0.4046875 0.259375 0.56875 0.190625 0.56875
0 0.2765625 0.4828125 0.359375 0.4828125 0.359375 0.6203125 0.2765625 0.6203125
1 0.3109375 0.3375 0.359375 0.3375 0.359375 0.475 0.3109375 0.475
1 0.35 0.471875 0.43125 0.471875 0.43125 0.5671875 0.35 0.5671875
1 0.646875 0.4578125 0.7359375 0.4578125 0.7359375 0.56875 0.646875 0.56875
1 0.6 0.5734375 0.6984375 0.5734375 0.6984375 0.65625 0.6 0.65625
1 0.734375 0.5625 0.8328125 0.5625 0.8328125 0.6890625 0.734375 0.6890625
1 0.8375 0.5171875 0.9125 0.5171875 0.9125 0.653125 0.8375 0.653125
1 0.8140625 0.428125 0.9078125 0.428125 0.9078125 0.5171875 0.8140625 0.5171875
1 0.85625 0.321875 0.9390625 0.321875 0.9390625 0.4390625 0.85625 0.4390625
1 0.06875 0.05625 0.159375 0.05625 0.159375 0.1171875 0.06875 0.1171875
1 0.1546875 0.05 0.21875 0.05 0.21875 0.153125 0.1546875 0.153125
1 0.0859375 0.225 0.1515625 0.225 0.1515625 0.3625 0.0859375 0.3625
1 0.040625 0.259375 0.0921875 0.259375 0.0921875 0.3875 0.040625 0.3875
1 0.209375 0.6125 0.2578125 0.6125 0.2578125 0.746875 0.209375 0.746875
1 0.696875 0.6109375 0.76875 0.6109375 0.76875 0.7375 0.696875 0.7375
1 0.9234375 0.5484375 0.9765625 0.5484375 0.9765625 0.7015625 0.9234375 0.7015625
1 0.925 0.4625 1 0.4625 1 0.55 0.925 0.55