0 0.203125 0.55625 0.2765625 0.55625 0.2765625 0.725 0.203125 0.725
0 0.5859375 0.3734375 0.6546875 0.3734375 0.6546875 0.521875 0.5859375 0.521875
0 0.3328125 0.6328125 0.4578125 0.6328125 0.4578125 0.7328125 0.3328125 0.7328125
0 0.50625 0.5578125 0.63125 0.5578125 0.63125 0.640625 0.50625 0.640625
0 0.7203125 0.5953125 0.790625 0.5953125 0.790625 0.759375 0.7203125 0.759375
1 0.5171875 0.375 0.5734375 0.375 0.5734375 0.55 0.5171875 0.55
1 0.2796875 0.434375 0.375 0.434375 0.375 0.525 0.2796875 0.525
1 0.35 0.38125 0.4171875 0.38125 0.4171875 0.496875 0.35 0.496875
1 0.284375 0.509375 0.340625 0.509375 0.340625 0.640625 0.284375 0.640625
1 0.4046875 0.55625 0.5078125 0.55625 0.5078125 0.6484375 0.4046875 0.6484375
1 0.5265625 0.628125 0.596875 0.628125 0.596875 0.7390625 0.5265625 0.7390625
1 0.6390625 0.55 0.7015625 0.55 0.7015625 0.7 0.6390625 0.7
1 0.690625 0.3546875 0.7890625 0.3546875 0.7890625 0.4546875 0.690625 0.4546875
1 0.653125 0.109375 0.7265625 0.109375 0.7265625 0.2515625 0.653125 0.2515625
1 0.2390625 0.0296875 0.3390625 0.0296875 0.3390625 0.1109375 0.2390625 0.1109375
1 0.0078125 0.0734375 0.059375 0.0734375 0.059375 0.209375 0.0078125 0.209375
1 0.0765625 0.696875 0.171875 0.696875 0.171875 0.775 0.0765625 0.775
0 0.490625 0.6921875 0.5578125 0.6921875 0.5578125 0.80625 0.490625 0.80625