0 0.5265625 0.6046875 0.63125 0.6046875 0.63125 0.7296875 0.5265625 0.7296875
0 0.39375 0.5421875 0.45625 0.5421875 0.45625 0.7140625 0.39375 0.7140625
0 0.3234375 0.3625 0.428125 0.3625 0.428125 0.496875 0.3234375 0.496875
1 0.1453125 0.290625 0.2375 0.290625 0.2375 0.4046875 0.1453125 0.4046875
1 0.3046875 0.2171875 0.403125 0.2171875 0.403125 0.30625 0.3046875 0.30625
1 0.5046875 0.190625 0.56875 0.190625 0.56875 0.3328125 0.5046875 0.3328125
1 0.490625 0.384375 0.53125 0.384375 0.53125 0.5234375 0.490625 0.5234375
1 0.540625 0.49375 0.596875 0.49375 0.596875 0.6234375 0.540625 0.6234375
1 0.6109375 0.5109375 0.6765625 0.5109375 0.6765625 0.60625 0.6109375 0.60625
1 0.640625 0.6140625 0.7140625 0.6140625 0.7140625 0.7171875 0.640625 0.7171875
1 0.715625 0.525 0.775 0.525 0.775 0.6671875 0.715625 0.6671875
1 0.8375 0.5 0.8984375 0.5 0.8984375 0.6484375 0.8375 0.6484375
1 0.8828125 0.1921875 0.9890625 0.1921875 0.9890625 0.2796875 0.8828125 0.2796875
1 0.15625 0.075 0.2078125 0.075 0.2078125 0.21875 0.15625 0.21875
1 0.034375 0.115625 0.1078125 0.115625 0.1078125 0.2125 0.034375 0.2125
1 0.0578125 0.590625 0.1484375 0.590625 0.1484375 0.6765625 0.0578125 0.6765625
1 0.2453125 0.4484375 0.31875 0.4484375 0.31875 0.575 0.2453125 0.575
1 0.2640625 0.546875 0.36875 0.546875 0.36875 0.6171875 0.2640625 0.6171875
1 0.31875 0.59375 0.365625 0.59375 0.365625 0.7203125 0.31875 0.7203125
0 0.3390625 0.675 0.409375 0.675 0.409375 0.8234375 0.3390625 0.8234375
0 0.0765625 0.6828125 0.196875 0.6828125 0.196875 0.8171875 0.0765625 0.8171875
1 0.8953125 0.6171875 0.9734375 0.6171875 0.9734375 0.740625 0.8953125 0.740625
1 0.4515625 0.56875 0.5140625 0.56875 0.5140625 0.6984375 0.4515625 0.6984375
1 0.690625 0.4578125 0.746875 0.4578125 0.746875 0.559375 0.690625 0.559375