0 0.1171875 0.65 0.2109375 0.65 0.2109375 0.775 0.1171875 0.775
0 0.2234375 0.6953125 0.3296875 0.6953125 0.3296875 0.81875 0.2234375 0.81875
0 0.378125 0.465625 0.459375 0.465625 0.459375 0.625 0.378125 0.625
1 0.3265625 0.4984375 0.378125 0.4984375 0.378125 0.640625 0.3265625 0.640625
1 0.4125 0.3859375 0.5265625 0.3859375 0.5265625 0.4671875 0.4125 0.4671875
1 0.61875 0.56875 0.678125 0.56875 0.678125 0.75625 0.61875 0.75625
1 0.7390625 0.5390625 0.7890625 0.5390625 0.7890625 0.678125 0.7390625 0.678125
1 0.8015625 0.565625 0.896875 0.565625 0.896875 0.628125 0.8015625 0.628125
1 0.7859375 0.6453125 0.88125 0.6453125 0.88125 0.7421875 0.7859375 0.7421875
1 0.86875 0.6734375 0.934375 0.6734375 0.934375 0.815625 0.86875 0.815625
1 0.828125 0.2765625 0.9265625 0.2765625 0.9265625 0.3359375 0.828125 0.3359375
1 0.8828125 0.3515625 0.9875 0.3515625 0.9875 0.415625 0.8828125 0.415625
1 0.1921875 0.4671875 0.2421875 0.4671875 0.2421875 0.5765625 0.1921875 0.5765625
1 0.221875 0.575 0.2703125 0.575 0.2703125 0.6984375 0.221875 0.6984375
1 0.2859375 0.625 0.371875 0.625 0.371875 0.7171875 0.2859375 0.7171875
1 0.1734375 0.575 0.2296875 0.575 0.2296875 0.7109375 0.1734375 0.7109375
1 0.11875 0.5125 0.1875 0.5125 0.1875 0.6234375 0.11875 0.6234375
1 0.046875 0.4421875 0.134375 0.4421875 0.134375 0.51875 0.046875 0.51875
1 0.103125 0.33125 0.159375 0.33125 0.159375 0.4640625 0.103125 0.4640625
1 0.0265625 0.2890625 0.078125 0.2890625 0.078125 0.4109375 0.0265625 0.4109375
1 0.003125 0.4640625 0.0953125 0.4640625 0.0953125 0.5796875 0.003125 0.5796875
1 0 0.6046875 0.0890625 0.6046875 0.0890625 0.715625 0 0.715625
1 0.0828125 0.6390625 0.1328125 0.6390625 0.1328125 0.7625 0.0828125 0.7625