0 0.0046875 0.265625 0.078125 0.265625 0.078125 0.4328125 0.0046875 0.4328125
1 0.0921875 0.3 0.196875 0.3 0.196875 0.3734375 0.0921875 0.3734375
1 0.184375 0.325 0.25 0.325 0.25 0.465625 0.184375 0.465625
1 0.2796875 0.253125 0.38125 0.253125 0.38125 0.3171875 0.2796875 0.3171875
1 0.3625 0.346875 0.415625 0.346875 0.415625 0.4890625 0.3625 0.4890625
1 0.284375 0.359375 0.3578125 0.359375 0.3578125 0.4703125 0.284375 0.4703125
1 0.31875 0.4609375 0.3671875 0.4609375 0.3671875 0.590625 0.31875 0.590625
1 0.234375 0.546875 0.334375 0.546875 0.334375 0.63125 0.234375 0.63125
1 0.115625 0.5296875 0.221875 0.5296875 0.221875 0.6109375 0.115625 0.6109375
1 0.059375 0.5546875 0.1125 0.5546875 0.1125 0.665625 0.059375 0.665625
1 0.0546875 0.665625 0.1234375 0.665625 0.1234375 0.7796875 0.0546875 0.7796875
1 0.321875 0.66875 0.4015625 0.66875 0.4015625 0.784375 0.321875 0.784375
1 0.7046875 0.55625 0.76875 0.55625 0.76875 0.6953125 0.7046875 0.6953125
1 0.828125 0.46875 0.9125 0.46875 0.9125 0.56875 0.828125 0.56875
1 0.871875 0.5359375 0.9421875 0.5359375 0.9421875 0.665625 0.871875 0.665625
1 0.553125 0.328125 0.6390625 0.328125 0.6390625 0.4328125 0.553125 0.4328125
1 0.696875 0.675 0.74375 0.675 0.74375 0.8234375 0.696875 0.8234375
1 0.6640625 0.665625 0.7046875 0.665625 0.7046875 0.80625 0.6640625 0.80625
1 0.4140625 0.1796875 0.4828125 0.1796875 0.4828125 0.4140625 0.4140625 0.4140625