0 0.1140625 0.60625 0.2296875 0.60625 0.2296875 0.7234375 0.1140625 0.7234375
0 0.5328125 0.584375 0.609375 0.584375 0.609375 0.7453125 0.5328125 0.7453125
1 0.734375 0.2015625 0.821875 0.2015625 0.821875 0.3359375 0.734375 0.3359375
1 0.053125 0.509375 0.153125 0.509375 0.153125 0.5890625 0.053125 0.5890625
1 0.18125 0.3796875 0.2890625 0.3796875 0.2890625 0.484375 0.18125 0.484375
1 0.2734375 0.2671875 0.3578125 0.2671875 0.3578125 0.375 0.2734375 0.375
1 0.290625 0.3828125 0.3546875 0.3828125 0.3546875 0.5171875 0.290625 0.5171875
1 0.3609375 0.3828125 0.41875 0.3828125 0.41875 0.509375 0.3609375 0.509375
1 0.4453125 0.3796875 0.528125 0.3796875 0.528125 0.5015625 0.4453125 0.5015625
1 0.628125 0.6015625 0.7140625 0.6015625 0.7140625 0.6984375 0.628125 0.6984375
1 0.8640625 0.478125 0.965625 0.478125 0.965625 0.565625 0.8640625 0.565625
1 0.846875 0.5875 0.9484375 0.5875 0.9484375 0.6890625 0.846875 0.6890625
1 0.225 0.63125 0.2734375 0.63125 0.2734375 0.7875 0.225 0.7875
1 0.284375 0.5984375 0.3765625 0.5984375 0.3765625 0.7015625 0.284375 0.7015625
1 0.159375 0.534375 0.2421875 0.534375 0.2421875 0.6328125 0.159375 0.6328125
1 0.215625 0.48125 0.309375 0.48125 0.309375 0.5609375 0.215625 0.5609375
1 0.4703125 0.615625 0.540625 0.615625 0.540625 0.721875 0.4703125 0.721875
1 0.0390625 0.665625 0.128125 0.665625 0.128125 0.75 0.0390625 0.75
1 0.7453125 0.7 0.834375 0.7 0.834375 0.771875 0.7453125 0.771875