0 0.159375 0.5875 0.253125 0.5875 0.253125 0.715625 0.159375 0.715625
0 0.0859375 0.365625 0.1796875 0.365625 0.1796875 0.503125 0.0859375 0.503125
0 0.1609375 0.2734375 0.2640625 0.2734375 0.2640625 0.4171875 0.1609375 0.4171875
0 0.6453125 0.3234375 0.765625 0.3234375 0.765625 0.496875 0.6453125 0.496875
0 0.740625 0.665625 0.871875 0.665625 0.871875 0.765625 0.740625 0.765625
0 0.5140625 0.5328125 0.6015625 0.5328125 0.6015625 0.6640625 0.5140625 0.6640625
1 0.2078125 0.4546875 0.2546875 0.4546875 0.2546875 0.5984375 0.2078125 0.5984375
1 0.2734375 0.20625 0.3203125 0.20625 0.3203125 0.365625 0.2734375 0.365625
1 0.3703125 0.14375 0.4796875 0.14375 0.4796875 0.215625 0.3703125 0.215625
1 0.3109375 0.1703125 0.3875 0.1703125 0.3875 0.3140625 0.3109375 0.3140625
1 0.6265625 0.03125 0.7125 0.03125 0.7125 0.14375 0.6265625 0.14375
1 0.90625 0.146875 0.9859375 0.146875 0.9859375 0.2546875 0.90625 0.2546875
1 0.7578125 0.403125 0.8234375 0.403125 0.8234375 0.5359375 0.7578125 0.5359375
1 0.803125 0.4890625 0.85625 0.4890625 0.85625 0.6171875 0.803125 0.6171875
1 0.871875 0.4625 0.9515625 0.4625 0.9515625 0.553125 0.871875 0.553125
1 0.6640625 0.5640625 0.7703125 0.5640625 0.7703125 0.63125 0.6640625 0.63125
1 0.359375 0.5859375 0.3984375 0.5859375 0.3984375 0.728125 0.359375 0.728125
1 0.271875 0.534375 0.325 0.534375 0.325 0.6703125 0.271875 0.6703125
1 0.0640625 0.5875 0.1609375 0.5875 0.1609375 0.6609375 0.0640625 0.6609375
1 0.4234375 0.625 0.5125 0.625 0.5125 0.709375 0.4234375 0.709375
1 0.5015625 0.634375 0.5484375 0.634375 0.5484375 0.7671875 0.5015625 0.7671875
1 0.93125 0.5921875 0.984375 0.5921875 0.984375 0.7328125 0.93125 0.7328125
1 0.6015625 0.6921875 0.7046875 0.6921875 0.7046875 0.7640625 0.6015625 0.7640625
1 0.309375 0.865625 0.44375 0.865625 0.44375 0.9359375 0.309375 0.9359375
1 0.278125 0.771875 0.3734375 0.771875 0.3734375 0.825 0.278125 0.825