0 0.078125 0.0359375 0.1875 0.0359375 0.1875 0.178125 0.078125 0.178125
0 0.740625 0.55 0.88125 0.55 0.88125 0.6328125 0.740625 0.6328125
0 0.296875 0.4109375 0.35625 0.4109375 0.35625 0.56875 0.296875 0.56875
1 0.525 0.14375 0.575 0.14375 0.575 0.2953125 0.525 0.2953125
1 0.578125 0.090625 0.70625 0.090625 0.70625 0.19375 0.578125 0.19375
1 0.6140625 0.2578125 0.69375 0.2578125 0.69375 0.3453125 0.6140625 0.3453125
1 0.5828125 0.33125 0.6328125 0.33125 0.6328125 0.4640625 0.5828125 0.4640625
1 0.390625 0.4171875 0.43125 0.4171875 0.43125 0.54375 0.390625 0.54375
1 0.4296875 0.4734375 0.50625 0.4734375 0.50625 0.5671875 0.4296875 0.5671875
1 0.26875 0.5328125 0.321875 0.5328125 0.321875 0.6796875 0.26875 0.6796875
1 0.9375 0.4875 0.9859375 0.4875 0.9859375 0.6421875 0.9375 0.6421875
1 0.1671875 0.5953125 0.21875 0.5953125 0.21875 0.7296875 0.1671875 0.7296875
1 0.090625 0.471875 0.16875 0.471875 0.16875 0.6015625 0.090625 0.6015625
1 0.1890625 0.5171875 0.259375 0.5171875 0.259375 0.640625 0.1890625 0.640625
1 0.3 0.11875 0.3953125 0.11875 0.3953125 0.190625 0.3 0.190625
1 0.0484375 0.3296875 0.271875 0.3296875 0.271875 0.4078125 0.0484375 0.4078125
1 0.3625 0.5125 0.4125 0.5125 0.4125 0.6625 0.3625 0.6625
1 0.5375 0.5625 0.6453125 0.5625 0.6453125 0.64375 0.5375 0.64375
1 0.0390625 0.5109375 0.09375 0.5109375 0.09375 0.64375 0.0390625 0.64375