0 0.446875 0.2203125 0.559375 0.2203125 0.559375 0.34375 0.446875 0.34375
0 0.6390625 0.571875 0.696875 0.571875 0.696875 0.7421875 0.6390625 0.7421875
0 0.7484375 0.58125 0.8421875 0.58125 0.8421875 0.7296875 0.7484375 0.7296875
0 0.8578125 0.43125 0.9703125 0.43125 0.9703125 0.5546875 0.8578125 0.5546875
0 0.253125 0.6265625 0.384375 0.6265625 0.384375 0.70625 0.253125 0.70625
0 0.2203125 0 0.3078125 0 0.3078125 0.153125 0.2203125 0.153125
0 0.009375 0 0.1109375 0 0.1109375 0.13125 0.009375 0.13125
1 0.175 0.3046875 0.284375 0.3046875 0.284375 0.3671875 0.175 0.3671875
1 0.01875 0.2921875 0.1125 0.2921875 0.1125 0.365625 0.01875 0.365625
1 0.121875 0.1625 0.1625 0.1625 0.1625 0.290625 0.121875 0.290625
1 0.6703125 0.1421875 0.7328125 0.1421875 0.7328125 0.2625 0.6703125 0.2625
1 0.6953125 0.40625 0.8015625 0.40625 0.8015625 0.49375 0.6953125 0.49375
1 0.4921875 0.5046875 0.5734375 0.5046875 0.5734375 0.609375 0.4921875 0.609375
1 0.4828125 0.621875 0.5546875 0.621875 0.5546875 0.73125 0.4828125 0.73125
1 0.5421875 0.5484375 0.603125 0.5484375 0.603125 0.6703125 0.5421875 0.6703125
1 0.278125 0.4796875 0.3453125 0.4796875 0.3453125 0.6046875 0.278125 0.6046875
1 0.21875 0.5375 0.2765625 0.5375 0.2765625 0.6484375 0.21875 0.6484375
1 0.1125 0.5296875 0.2234375 0.5296875 0.2234375 0.5921875 0.1125 0.5921875
1 0.1265625 0.4046875 0.178125 0.4046875 0.178125 0.5375 0.1265625 0.5375
1 0.153125 0.6609375 0.25 0.6609375 0.25 0.74375 0.153125 0.74375
1 0.934375 0.1328125 1 0.1328125 1 0.24375 0.934375 0.24375
1 0.90625 0.3796875 1 0.3796875 1 0.4375 0.90625 0.4375
1 0.953125 0.2578125 1 0.2578125 1 0.384375 0.953125 0.384375