0 0.4546875 0.634375 0.5734375 0.634375 0.5734375 0.746875 0.4546875 0.746875
1 0.4421875 0.3609375 0.54375 0.3609375 0.54375 0.4671875 0.4421875 0.4671875
1 0.4546875 0.090625 0.5046875 0.090625 0.5046875 0.2265625 0.4546875 0.2265625
1 0.6953125 0.178125 0.8078125 0.178125 0.8078125 0.253125 0.6953125 0.253125
1 0.678125 0.3796875 0.753125 0.3796875 0.753125 0.503125 0.678125 0.503125
1 0.10625 0.371875 0.2125 0.371875 0.2125 0.475 0.10625 0.475
1 0.05 0.2640625 0.109375 0.2640625 0.109375 0.4171875 0.05 0.4171875
1 0.3046875 0.496875 0.353125 0.496875 0.353125 0.625 0.3046875 0.625
1 0.275 0.615625 0.3765625 0.615625 0.3765625 0.7015625 0.275 0.7015625
1 0.409375 0.61875 0.4765625 0.61875 0.4765625 0.7484375 0.409375 0.7484375
1 0.6453125 0.6515625 0.7078125 0.6515625 0.7078125 0.7734375 0.6453125 0.7734375
1 0.7234375 0.7375 0.81875 0.7375 0.81875 0.815625 0.7234375 0.815625
1 0.8296875 0.7453125 0.9203125 0.7453125 0.9203125 0.81875 0.8296875 0.81875
1 0.8109375 0.68125 0.9046875 0.68125 0.9046875 0.746875 0.8109375 0.746875
1 0.81875 0.565625 0.8765625 0.565625 0.8765625 0.690625 0.81875 0.690625
1 0.0265625 0.59375 0.109375 0.59375 0.109375 0.69375 0.0265625 0.69375
1 0.3578125 0.4109375 0.425 0.4109375 0.425 0.53125 0.3578125 0.53125
1 0.2875 0.3984375 0.3578125 0.3984375 0.3578125 0.5125 0.2875 0.5125
1 0.38125 0.5828125 0.4234375 0.5828125 0.4234375 0.70625 0.38125 0.70625
1 0.53125 0.7109375 0.58125 0.7109375 0.58125 0.8140625 0.53125 0.8140625