0 0.828125 0.1296875 0.89375 0.1296875 0.89375 0.2921875 0.828125 0.2921875
0 0.5859375 0.2171875 0.6796875 0.2171875 0.6796875 0.36875 0.5859375 0.36875
0 0.5921875 0.13125 0.6875 0.13125 0.6875 0.2484375 0.5921875 0.2484375
0 0.4453125 0.3296875 0.5453125 0.3296875 0.5453125 0.5171875 0.4453125 0.5171875
0 0.7 0.3890625 0.771875 0.3890625 0.771875 0.55625 0.7 0.55625
0 0.6828125 0.634375 0.7609375 0.634375 0.7609375 0.746875 0.6828125 0.746875
0 0.49375 0.69375 0.621875 0.69375 0.621875 0.7703125 0.49375 0.7703125
1 0.8015625 0.5578125 0.859375 0.5578125 0.859375 0.684375 0.8015625 0.684375
1 0.8484375 0.64375 0.8953125 0.64375 0.8953125 0.7734375 0.8484375 0.7734375
1 0.8859375 0.646875 0.9796875 0.646875 0.9796875 0.7421875 0.8859375 0.7421875
1 0.95 0.578125 1 0.578125 1 0.7171875 0.95 0.7171875
1 0.4734375 0.5453125 0.546875 0.5453125 0.546875 0.675 0.4734375 0.675
1 0.590625 0.565625 0.70625 0.565625 0.70625 0.63125 0.590625 0.63125
1 0.3640625 0.403125 0.421875 0.403125 0.421875 0.540625 0.3640625 0.540625
1 0.178125 0.3984375 0.2546875 0.3984375 0.2546875 0.50625 0.178125 0.50625
1 0.1078125 0.4359375 0.1921875 0.4359375 0.1921875 0.534375 0.1078125 0.534375
1 0.2296875 0.54375 0.325 0.54375 0.325 0.63125 0.2296875 0.63125
1 0.2125 0.5890625 0.2609375 0.5890625 0.2609375 0.740625 0.2125 0.740625
1 0.01875 0.7265625 0.109375 0.7265625 0.109375 0.7921875 0.01875 0.7921875
1 0.746875 0.06875 0.8296875 0.06875 0.8296875 0.178125 0.746875 0.178125
1 0.8609375 0 0.909375 0 0.909375 0.1171875 0.8609375 0.1171875
1 0.41875 0.11875 0.521875 0.11875 0.521875 0.19375 0.41875 0.19375
1 0.046875 0.053125 0.1015625 0.053125 0.1015625 0.184375 0.046875 0.184375
1 0.171875 0.678125 0.2359375 0.678125 0.2359375 0.803125 0.171875 0.803125