0 0.440625 0.2203125 0.553125 0.2203125 0.553125 0.34375 0.440625 0.34375
0 0.303125 0.571875 0.3609375 0.571875 0.3609375 0.7421875 0.303125 0.7421875
0 0.1578125 0.58125 0.2515625 0.58125 0.2515625 0.7296875 0.1578125 0.7296875
0 0.0296875 0.43125 0.1421875 0.43125 0.1421875 0.5546875 0.0296875 0.5546875
0 0.615625 0.6265625 0.746875 0.6265625 0.746875 0.70625 0.615625 0.70625
0 0.6921875 0 0.7796875 0 0.7796875 0.153125 0.6921875 0.153125
0 0.8890625 0 0.990625 0 0.990625 0.13125 0.8890625 0.13125
1 0.7171875 0.3046875 0.8265625 0.3046875 0.8265625 0.3671875 0.7171875 0.3671875
1 0.8875 0.2921875 0.98125 0.2921875 0.98125 0.365625 0.8875 0.365625
1 0.8375 0.1625 0.878125 0.1625 0.878125 0.290625 0.8375 0.290625
1 0.2671875 0.1421875 0.3296875 0.1421875 0.3296875 0.2625 0.2671875 0.2625
1 0.1984375 0.40625 0.3046875 0.40625 0.3046875 0.49375 0.1984375 0.49375
1 0.4265625 0.5046875 0.5078125 0.5046875 0.5078125 0.609375 0.4265625 0.609375
1 0.4453125 0.621875 0.5171875 0.621875 0.5171875 0.73125 0.4453125 0.73125
1 0.396875 0.5484375 0.4578125 0.5484375 0.4578125 0.6703125 0.396875 0.6703125
1 0.6546875 0.4796875 0.721875 0.4796875 0.721875 0.6046875 0.6546875 0.6046875
1 0.7234375 0.5375 0.78125 0.5375 0.78125 0.6484375 0.7234375 0.6484375
1 0.7765625 0.5296875 0.8875 0.5296875 0.8875 0.5921875 0.7765625 0.5921875
1 0.821875 0.4046875 0.8734375 0.4046875 0.8734375 0.5375 0.821875 0.5375
1 0.75 0.6609375 0.846875 0.6609375 0.846875 0.74375 0.75 0.74375
1 0 0.1328125 0.065625 0.1328125 0.065625 0.24375 0 0.24375
1 0 0.3796875 0.09375 0.3796875 0.09375 0.4375 0 0.4375
1 0 0.2578125 0.046875 0.2578125 0.046875 0.384375 0 0.384375