1 0.6171875 0.396875 0.7015625 0.396875 0.7015625 0.4921875 0.6171875 0.4921875
1 0.73125 0.4609375 0.790625 0.4609375 0.790625 0.6015625 0.73125 0.6015625
1 0.596875 0.5671875 0.6484375 0.5671875 0.6484375 0.71875 0.596875 0.71875
1 0.5046875 0.634375 0.553125 0.634375 0.553125 0.765625 0.5046875 0.765625
0 0.3453125 0.3921875 0.4265625 0.3921875 0.4265625 0.5515625 0.3453125 0.5515625
1 0.0140625 0.0859375 0.065625 0.0859375 0.065625 0.215625 0.0140625 0.215625
1 0.275 0.1484375 0.359375 0.1484375 0.359375 0.24375 0.275 0.24375
1 0.1515625 0.3234375 0.203125 0.3234375 0.203125 0.4640625 0.1515625 0.4640625
1 0.028125 0.24375 0.1296875 0.24375 0.1296875 0.3453125 0.028125 0.3453125
1 0.0640625 0.48125 0.1140625 0.48125 0.1140625 0.6265625 0.0640625 0.6265625
1 0.1421875 0.48125 0.240625 0.48125 0.240625 0.5953125 0.1421875 0.5953125
1 0.2375 0.4921875 0.34375 0.4921875 0.34375 0.5734375 0.2375 0.5734375
1 0.3609375 0.5609375 0.4109375 0.5609375 0.4109375 0.7046875 0.3609375 0.7046875
1 0.6890625 0.65625 0.7359375 0.65625 0.7359375 0.8125 0.6890625 0.8125
1 0.81875 0.721875 0.915625 0.721875 0.915625 0.8015625 0.81875 0.8015625
1 0.265625 0.628125 0.3234375 0.628125 0.3234375 0.7703125 0.265625 0.7703125
1 0.328125 0.6546875 0.3859375 0.6546875 0.3859375 0.7859375 0.328125 0.7859375
1 0.396875 0.6984375 0.4640625 0.6984375 0.4640625 0.8140625 0.396875 0.8140625
1 0.115625 0.6 0.203125 0.6 0.203125 0.6734375 0.115625 0.6734375
1 0.1875 0.6375 0.259375 0.6375 0.259375 0.75625 0.1875 0.75625
1 0.05625 0.703125 0.171875 0.703125 0.171875 0.76875 0.05625 0.76875
1 0.93125 0.6671875 1 0.6671875 1 0.7484375 0.93125 0.7484375