0 0.6453125 0.64375 0.696875 0.64375 0.696875 0.815625 0.6453125 0.815625
0 0.29375 0.0796875 0.3640625 0.0796875 0.3640625 0.24375 0.29375 0.24375
1 0.4046875 0.128125 0.4984375 0.128125 0.4984375 0.21875 0.4046875 0.21875
1 0.534375 0.1359375 0.625 0.1359375 0.625 0.234375 0.534375 0.234375
1 0.878125 0.3 0.9484375 0.3 0.9484375 0.4171875 0.878125 0.4171875
1 0.8484375 0.4234375 0.9421875 0.4234375 0.9421875 0.5140625 0.8484375 0.5140625
1 0.15 0.321875 0.225 0.321875 0.225 0.4484375 0.15 0.4484375
1 0.109375 0.421875 0.190625 0.421875 0.190625 0.5453125 0.109375 0.5453125
1 0.3921875 0.4625 0.446875 0.4625 0.446875 0.603125 0.3921875 0.603125
1 0.1953125 0.6125 0.28125 0.6125 0.28125 0.6953125 0.1953125 0.6953125
1 0.31875 0.41875 0.378125 0.41875 0.378125 0.5515625 0.31875 0.5515625
1 0 0.2578125 0.1015625 0.2578125 0.1015625 0.33125 0 0.33125
1 0.009375 0.0984375 0.0828125 0.0984375 0.0828125 0.225 0.009375 0.225
1 0.596875 0.6125 0.6453125 0.6125 0.6453125 0.7484375 0.596875 0.7484375
1 0.8171875 0.54375 0.8734375 0.54375 0.8734375 0.690625 0.8171875 0.690625
1 0.896875 0.5296875 0.9984375 0.5296875 0.9984375 0.5953125 0.896875 0.5953125
1 0.8796875 0.5953125 0.9578125 0.5953125 0.9578125 0.709375 0.8796875 0.709375
1 0.7328125 0.621875 0.8265625 0.621875 0.8265625 0.7234375 0.7328125 0.7234375
1 0 0.44375 0.08125 0.44375 0.08125 0.5109375 0 0.5109375
1 0.040625 0.54375 0.1203125 0.54375 0.1203125 0.6515625 0.040625 0.6515625