0 0 0.396875 0.0671875 0.396875 0.0671875 0.5609375 0 0.5609375
0 0.34375 0.2625 0.440625 0.2625 0.440625 0.4015625 0.34375 0.4015625
0 0.425 0.45625 0.4796875 0.45625 0.4796875 0.6171875 0.425 0.6171875
0 0.246875 0.5796875 0.3078125 0.5796875 0.3078125 0.74375 0.246875 0.74375
0 0.565625 0.575 0.6828125 0.575 0.6828125 0.65625 0.565625 0.65625
0 0.6171875 0.6609375 0.7 0.6609375 0.7 0.815625 0.6171875 0.815625
0 0.025 0.6484375 0.1296875 0.6484375 0.1296875 0.8 0.025 0.8
1 0.146875 0.6421875 0.1984375 0.6421875 0.1984375 0.7671875 0.146875 0.7671875
1 0.165625 0.6 0.25 0.6 0.25 0.7171875 0.165625 0.7171875
1 0.178125 0.503125 0.2453125 0.503125 0.2453125 0.6265625 0.178125 0.6265625
1 0.33125 0.6203125 0.4 0.6203125 0.4 0.73125 0.33125 0.73125
1 0.4765625 0.6875 0.528125 0.6875 0.528125 0.821875 0.4765625 0.821875
1 0.446875 0.571875 0.515625 0.571875 0.515625 0.6921875 0.446875 0.6921875
1 0.509375 0.546875 0.6015625 0.546875 0.6015625 0.640625 0.509375 0.640625
1 0.6515625 0.515625 0.7625 0.515625 0.7625 0.5828125 0.6515625 0.5828125
1 0.6875 0.5921875 0.784375 0.5921875 0.784375 0.6484375 0.6875 0.6484375
1 0.8015625 0.5046875 0.8546875 0.5046875 0.8546875 0.6484375 0.8015625 0.6484375
1 0.8421875 0.39375 0.9125 0.39375 0.9125 0.5140625 0.8421875 0.5140625
1 0.71875 0.3609375 0.8203125 0.3609375 0.8203125 0.4875 0.71875 0.4875
1 0.6921875 0.3921875 0.7453125 0.3921875 0.7453125 0.5140625 0.6921875 0.5140625
1 0.6765625 0.0828125 0.7671875 0.0828125 0.7671875 0.2203125 0.6765625 0.2203125
1 0.415625 0.240625 0.5171875 0.240625 0.5171875 0.3125 0.415625 0.3125
1 0.3921875 0.090625 0.4453125 0.090625 0.4453125 0.209375 0.3921875 0.209375
1 0.88125 0.7171875 0.9703125 0.7171875 0.9703125 0.81875 0.88125 0.81875
1 0.2734375 0.75625 0.36875 0.75625 0.36875 0.8203125 0.2734375 0.8203125