1 0.471875 0.078125 0.54375 0.078125 0.54375 0.23125 0.471875 0.23125
1 0.5578125 0.3078125 0.6578125 0.3078125 0.6578125 0.39375 0.5578125 0.39375
1 0.8015625 0.3171875 0.878125 0.3171875 0.878125 0.4421875 0.8015625 0.4421875
1 0.4625 0.5484375 0.5609375 0.5484375 0.5609375 0.6703125 0.4625 0.6703125
1 0.24375 0.6125 0.3515625 0.6125 0.3515625 0.69375 0.24375 0.69375
1 0.1078125 0.6078125 0.2 0.6078125 0.2 0.6984375 0.1078125 0.6984375
1 0.3421875 0.721875 0.45625 0.721875 0.45625 0.8296875 0.3421875 0.8296875
1 0.534375 0.6265625 0.6015625 0.6265625 0.6015625 0.7375 0.534375 0.7375
1 0.5609375 0.540625 0.6578125 0.540625 0.6578125 0.665625 0.5609375 0.665625
1 0.721875 0.459375 0.784375 0.459375 0.784375 0.6296875 0.721875 0.6296875
1 0.7625 0.5546875 0.853125 0.5546875 0.853125 0.678125 0.7625 0.678125
1 0.86875 0.5953125 0.9640625 0.5953125 0.9640625 0.6984375 0.86875 0.6984375
1 0.6734375 0.65625 0.7515625 0.65625 0.7515625 0.7703125 0.6734375 0.7703125
1 0.4390625 0.6796875 0.4984375 0.6796875 0.4984375 0.80625 0.4390625 0.80625
1 0.6140625 0.60625 0.6921875 0.60625 0.6921875 0.7375 0.6140625 0.7375
1 0.7390625 0.8015625 0.8703125 0.8015625 0.8703125 0.86875 0.7390625 0.86875
1 0.4921875 0.7421875 0.596875 0.7421875 0.596875 0.8421875 0.4921875 0.8421875
1 0.19375 0.7375 0.3 0.7375 0.3 0.8046875 0.19375 0.8046875
1 0 0.7484375 0.10625 0.7484375 0.10625 0.8140625 0 0.8140625
0 0.7828125 0.671875 0.884375 0.671875 0.884375 0.8015625 0.7828125 0.8015625
1 0.1671875 0.68125 0.228125 0.68125 0.228125 0.7921875 0.1671875 0.7921875
1 0.0890625 0.6578125 0.16875 0.6578125 0.16875 0.7578125 0.0890625 0.7578125