1 0.015625 0.30625 0.084375 0.30625 0.084375 0.4375 0.015625 0.4375
1 0.1296875 0.3484375 0.2234375 0.3484375 0.2234375 0.4828125 0.1296875 0.4828125
1 0.1390625 0.2671875 0.2375 0.2671875 0.2375 0.3671875 0.1390625 0.3671875
1 0.2109375 0.075 0.26875 0.075 0.26875 0.2296875 0.2109375 0.2296875
1 0.5734375 0.1703125 0.64375 0.1703125 0.64375 0.3796875 0.5734375 0.3796875
1 0.6703125 0.3921875 0.7640625 0.3921875 0.7640625 0.49375 0.6703125 0.49375
1 0.659375 0.4890625 0.734375 0.4890625 0.734375 0.5984375 0.659375 0.5984375
1 0.6046875 0.578125 0.6640625 0.578125 0.6640625 0.709375 0.6046875 0.709375
1 0.671875 0.6734375 0.721875 0.6734375 0.721875 0.815625 0.671875 0.815625
1 0.7140625 0.7328125 0.809375 0.7328125 0.809375 0.80625 0.7140625 0.80625
1 0.903125 0.615625 0.9671875 0.615625 0.9671875 0.7625 0.903125 0.7625
1 0.4515625 0.571875 0.559375 0.571875 0.559375 0.6390625 0.4515625 0.6390625
1 0.1203125 0.596875 0.2140625 0.596875 0.2140625 0.6734375 0.1203125 0.6734375
0 0.2703125 0.2203125 0.33125 0.2203125 0.33125 0.38125 0.2703125 0.38125
1 0.5203125 0.625 0.5890625 0.625 0.5890625 0.759375 0.5203125 0.759375
1 0.4203125 0.70625 0.475 0.70625 0.475 0.796875 0.4203125 0.796875
1 0.859375 0.7171875 0.9484375 0.7171875 0.9484375 0.803125 0.859375 0.803125
1 0.2890625 0.7421875 0.384375 0.7421875 0.384375 0.8015625 0.2890625 0.8015625
1 0.121875 0.7171875 0.228125 0.7171875 0.228125 0.81875 0.121875 0.81875