0 0.778125 0.5890625 0.8765625 0.5890625 0.8765625 0.740625 0.778125 0.740625
0 0.53125 0.284375 0.609375 0.284375 0.609375 0.4359375 0.53125 0.4359375
0 0.453125 0.2484375 0.546875 0.2484375 0.546875 0.3734375 0.453125 0.3734375
1 0.3859375 0.240625 0.44375 0.240625 0.44375 0.3765625 0.3859375 0.3765625
1 0.703125 0.0890625 0.7765625 0.0890625 0.7765625 0.23125 0.703125 0.23125
1 0.653125 0.115625 0.73125 0.115625 0.73125 0.253125 0.653125 0.253125
1 0.4359375 0.1109375 0.521875 0.1109375 0.521875 0.2078125 0.4359375 0.2078125
1 0.3453125 0.0203125 0.4328125 0.0203125 0.4328125 0.1296875 0.3453125 0.1296875
1 0.1203125 0.240625 0.209375 0.240625 0.209375 0.33125 0.1203125 0.33125
1 0.05 0.41875 0.1546875 0.41875 0.1546875 0.5 0.05 0.5
1 0.05625 0.5578125 0.125 0.5578125 0.125 0.6765625 0.05625 0.6765625
1 0.340625 0.5734375 0.4421875 0.5734375 0.4421875 0.640625 0.340625 0.640625
0 0.5 0.640625 0.609375 0.640625 0.609375 0.7359375 0.5 0.7359375
1 0.7234375 0.5046875 0.78125 0.5046875 0.78125 0.65 0.7234375 0.65
1 0.60625 0.4875 0.6875 0.4875 0.6875 0.5796875 0.60625 0.5796875
1 0.5296875 0.440625 0.6109375 0.440625 0.6109375 0.5296875 0.5296875 0.5296875
1 0.4375 0.365625 0.503125 0.365625 0.503125 0.4796875 0.4375 0.4796875
1 0.44375 0.5984375 0.496875 0.5984375 0.496875 0.7375 0.44375 0.7375
1 0.1421875 0.6875 0.2421875 0.6875 0.2421875 0.7625 0.1421875 0.7625
1 0.08125 0.6703125 0.153125 0.6703125 0.153125 0.778125 0.08125 0.778125
1 0.65 0.5875 0.7140625 0.5875 0.7140625 0.7109375 0.65 0.7109375
1 0.590625 0.5703125 0.653125 0.5703125 0.653125 0.709375 0.590625 0.709375
1 0.928125 0.3234375 1 0.3234375 1 0.4296875 0.928125 0.4296875