0 0.8046875 0.3859375 0.871875 0.3859375 0.871875 0.55 0.8046875 0.55
0 0.4453125 0.5828125 0.5546875 0.5828125 0.5546875 0.6796875 0.4453125 0.6796875
0 0.3046875 0.6234375 0.415625 0.6234375 0.415625 0.740625 0.3046875 0.740625
0 0.909375 0.5953125 1 0.5953125 1 0.6734375 0.909375 0.6734375
1 0.5203125 0.2421875 0.6078125 0.2421875 0.6078125 0.3546875 0.5203125 0.3546875
1 0.40625 0.2546875 0.503125 0.2546875 0.503125 0.334375 0.40625 0.334375
1 0.415625 0.153125 0.4890625 0.153125 0.4890625 0.2546875 0.415625 0.2546875
1 0.296875 0.3421875 0.371875 0.3421875 0.371875 0.4640625 0.296875 0.4640625
1 0.2359375 0.5171875 0.28125 0.5171875 0.28125 0.65 0.2359375 0.65
1 0.1859375 0.6109375 0.2390625 0.6109375 0.2390625 0.74375 0.1859375 0.74375
1 0.075 0.1359375 0.18125 0.1359375 0.18125 0.209375 0.075 0.209375
1 0.01875 0.203125 0.078125 0.203125 0.078125 0.3359375 0.01875 0.3359375
1 0 0.45625 0.0953125 0.45625 0.0953125 0.525 0 0.525
1 0.84375 0.4484375 0.9296875 0.4484375 0.9296875 0.578125 0.84375 0.578125
1 0.9328125 0.428125 0.978125 0.428125 0.978125 0.5546875 0.9328125 0.5546875
1 0.7 0.3734375 0.796875 0.3734375 0.796875 0.4578125 0.7 0.4578125
1 0.6765625 0.5765625 0.740625 0.5765625 0.740625 0.6984375 0.6765625 0.6984375
1 0.559375 0.553125 0.6296875 0.553125 0.6296875 0.65625 0.559375 0.65625
1 0.8453125 0.0171875 0.9484375 0.0171875 0.9484375 0.09375 0.8453125 0.09375