0 0.1671875 0.5140625 0.2265625 0.5140625 0.2265625 0.68125 0.1671875 0.68125
0 0.09375 0.621875 0.184375 0.621875 0.184375 0.7296875 0.09375 0.7296875
0 0.5671875 0.678125 0.646875 0.678125 0.646875 0.80625 0.5671875 0.80625
1 0.71875 0.5078125 0.81875 0.5078125 0.81875 0.58125 0.71875 0.58125
1 0.5234375 0.4515625 0.634375 0.4515625 0.634375 0.528125 0.5234375 0.528125
1 0.2921875 0.371875 0.390625 0.371875 0.390625 0.4296875 0.2921875 0.4296875
1 0.0578125 0.1046875 0.140625 0.1046875 0.140625 0.2109375 0.0578125 0.2109375
1 0.2546875 0.5640625 0.3375 0.5640625 0.3375 0.6796875 0.2546875 0.6796875
1 0.3171875 0.60625 0.4 0.60625 0.4 0.7234375 0.3171875 0.7234375
1 0.1984375 0.6625 0.2984375 0.6625 0.2984375 0.7296875 0.1984375 0.7296875
1 0.55 0.5984375 0.5953125 0.5984375 0.5953125 0.7359375 0.55 0.7359375
1 0.6609375 0.6484375 0.759375 0.6484375 0.759375 0.7484375 0.6609375 0.7484375