0 0 0.51875 0.065625 0.51875 0.065625 0.6734375 0 0.6734375
0 0.09375 0.5640625 0.165625 0.5640625 0.165625 0.73125 0.09375 0.73125
0 0.190625 0.465625 0.3328125 0.465625 0.3328125 0.55 0.190625 0.55
0 0.1453125 0.3328125 0.259375 0.3328125 0.259375 0.434375 0.1453125 0.434375
0 0.78125 0.5203125 0.884375 0.5203125 0.884375 0.659375 0.78125 0.659375
0 0.4234375 0.590625 0.546875 0.590625 0.546875 0.6921875 0.4234375 0.6921875
1 0.1953125 0.2359375 0.303125 0.2359375 0.303125 0.3203125 0.1953125 0.3203125
1 0.3453125 0.025 0.446875 0.025 0.446875 0.115625 0.3453125 0.115625
1 0.409375 0.228125 0.534375 0.228125 0.534375 0.3 0.409375 0.3
1 0.425 0.3390625 0.5125 0.3390625 0.5125 0.440625 0.425 0.440625
1 0.521875 0.4078125 0.6203125 0.4078125 0.6203125 0.4796875 0.521875 0.4796875
1 0.7203125 0.1875 0.765625 0.1875 0.765625 0.328125 0.7203125 0.328125
1 0.7765625 0.309375 0.8390625 0.309375 0.8390625 0.4453125 0.7765625 0.4453125
1 0.6625 0.459375 0.73125 0.459375 0.73125 0.584375 0.6625 0.584375
1 0.490625 0.4796875 0.5609375 0.4796875 0.5609375 0.6046875 0.490625 0.6046875
1 0.096875 0.0203125 0.171875 0.0203125 0.171875 0.13125 0.096875 0.13125
1 0.6875 0.6171875 0.746875 0.6171875 0.746875 0.7359375 0.6875 0.7359375
1 0.9 0.565625 0.953125 0.565625 0.953125 0.715625 0.9 0.715625
1 0.296875 0.5546875 0.378125 0.5546875 0.378125 0.6578125 0.296875 0.6578125
1 0.403125 0.5046875 0.5015625 0.5046875 0.5015625 0.58125 0.403125 0.58125
1 0.546875 0.4984375 0.6421875 0.4984375 0.6421875 0.596875 0.546875 0.596875
1 0.584375 0.309375 0.6859375 0.309375 0.6859375 0.3890625 0.584375 0.3890625
1 0.5546875 0.2359375 0.6375 0.2359375 0.6375 0.31875 0.5546875 0.31875