0 0.1234375 0.5890625 0.221875 0.5890625 0.221875 0.740625 0.1234375 0.740625
0 0.390625 0.284375 0.46875 0.284375 0.46875 0.4359375 0.390625 0.4359375
0 0.453125 0.2484375 0.546875 0.2484375 0.546875 0.3734375 0.453125 0.3734375
1 0.55625 0.240625 0.6140625 0.240625 0.6140625 0.3765625 0.55625 0.3765625
1 0.2234375 0.0890625 0.296875 0.0890625 0.296875 0.23125 0.2234375 0.23125
1 0.26875 0.115625 0.346875 0.115625 0.346875 0.253125 0.26875 0.253125
1 0.478125 0.1109375 0.5640625 0.1109375 0.5640625 0.2078125 0.478125 0.2078125
1 0.5671875 0.0203125 0.6546875 0.0203125 0.6546875 0.1296875 0.5671875 0.1296875
1 0.790625 0.240625 0.8796875 0.240625 0.8796875 0.33125 0.790625 0.33125
1 0.8453125 0.41875 0.95 0.41875 0.95 0.5 0.8453125 0.5
1 0.875 0.5578125 0.94375 0.5578125 0.94375 0.6765625 0.875 0.6765625
1 0.5578125 0.5734375 0.659375 0.5734375 0.659375 0.640625 0.5578125 0.640625
0 0.390625 0.640625 0.5 0.640625 0.5 0.7359375 0.390625 0.7359375
1 0.21875 0.5046875 0.2765625 0.5046875 0.2765625 0.65 0.21875 0.65
1 0.3125 0.4875 0.39375 0.4875 0.39375 0.5796875 0.3125 0.5796875
1 0.3890625 0.440625 0.4703125 0.440625 0.4703125 0.5296875 0.3890625 0.5296875
1 0.496875 0.365625 0.5625 0.365625 0.5625 0.4796875 0.496875 0.4796875
1 0.503125 0.5984375 0.55625 0.5984375 0.55625 0.7375 0.503125 0.7375
1 0.7578125 0.6875 0.8578125 0.6875 0.8578125 0.7625 0.7578125 0.7625
1 0.846875 0.6703125 0.91875 0.6703125 0.91875 0.778125 0.846875 0.778125
1 0.2875 0.5875 0.3515625 0.5875 0.3515625 0.7109375 0.2875 0.7109375
1 0.346875 0.5703125 0.409375 0.5703125 0.409375 0.709375 0.346875 0.709375
1 0 0.3234375 0.071875 0.3234375 0.071875 0.4296875 0 0.4296875