0 0.7484375 0.0109375 0.821875 0.0109375 0.821875 0.1703125 0.7484375 0.1703125
0 0.3921875 0.103125 0.484375 0.103125 0.484375 0.253125 0.3921875 0.253125
0 0.8625 0.2046875 0.9375 0.2046875 0.9375 0.3625 0.8625 0.3625
0 0.7625 0.3 0.8609375 0.3 0.8609375 0.43125 0.7625 0.43125
0 0.6859375 0.271875 0.7625 0.271875 0.7625 0.43125 0.6859375 0.43125
0 0.3734375 0.6578125 0.4390625 0.6578125 0.4390625 0.815625 0.3734375 0.815625
0 0.66875 0.1625 0.740625 0.1625 0.740625 0.34375 0.66875 0.34375
1 0.534375 0.1109375 0.59375 0.1109375 0.59375 0.2515625 0.534375 0.2515625
1 0.3078125 0.084375 0.396875 0.084375 0.396875 0.1796875 0.3078125 0.1796875
1 0.2484375 0.00625 0.3359375 0.00625 0.3359375 0.0921875 0.2484375 0.0921875
1 0.278125 0.403125 0.334375 0.403125 0.334375 0.55 0.278125 0.55
1 0.221875 0.475 0.2859375 0.475 0.2859375 0.609375 0.221875 0.609375
1 0.1671875 0.559375 0.221875 0.559375 0.221875 0.7046875 0.1671875 0.7046875
1 0.103125 0.4953125 0.1671875 0.4953125 0.1671875 0.6375 0.103125 0.6375
1 0.5375 0.4359375 0.5953125 0.4359375 0.5953125 0.565625 0.5375 0.565625
1 0.446875 0.4515625 0.5046875 0.4515625 0.5046875 0.5875 0.446875 0.5875
1 0.4234375 0.2765625 0.475 0.2765625 0.475 0.4203125 0.4234375 0.4203125
1 0.825 0.06875 0.8890625 0.06875 0.8890625 0.190625 0.825 0.190625
1 0.7078125 0.628125 0.8046875 0.628125 0.8046875 0.7109375 0.7078125 0.7109375
0 0.4515625 0.56875 0.5609375 0.56875 0.5609375 0.696875 0.4515625 0.696875
1 0.5484375 0.634375 0.6 0.634375 0.6 0.7609375 0.5484375 0.7609375
1 0.278125 0.603125 0.371875 0.603125 0.371875 0.6984375 0.278125 0.6984375
0 0.24375 0.69375 0.3703125 0.69375 0.3703125 0.7796875 0.24375 0.7796875
1 0.8859375 0.628125 0.946875 0.628125 0.946875 0.7484375 0.8859375 0.7484375
0 0.95 0.2453125 1 0.2453125 1 0.4015625 0.95 0.4015625
0 0.584375 0.3375 0.7015625 0.3375 0.7015625 0.4296875 0.584375 0.4296875
1 0.6359375 0.4046875 0.6921875 0.4046875 0.6921875 0.528125 0.6359375 0.528125
1 0.478125 0.284375 0.559375 0.284375 0.559375 0.4421875 0.478125 0.4421875