1 0.8015625 0.10625 0.9078125 0.10625 0.9078125 0.2 0.8015625 0.2
0 0.3703125 0.290625 0.459375 0.290625 0.459375 0.4375 0.3703125 0.4375
1 0.4546875 0.31875 0.5546875 0.31875 0.5546875 0.3984375 0.4546875 0.3984375
1 0.175 0.315625 0.2734375 0.315625 0.2734375 0.4328125 0.175 0.4328125
1 0.3765625 0.4125 0.4265625 0.4125 0.4265625 0.5359375 0.3765625 0.5359375
1 0.4828125 0.6 0.5484375 0.6 0.5484375 0.725 0.4828125 0.725
1 0.6109375 0.6234375 0.6609375 0.6234375 0.6609375 0.746875 0.6109375 0.746875
1 0.4421875 0.665625 0.496875 0.665625 0.496875 0.8109375 0.4421875 0.8109375
1 0.196875 0.546875 0.2859375 0.546875 0.2859375 0.640625 0.196875 0.640625
1 0.065625 0.5921875 0.1765625 0.5921875 0.1765625 0.665625 0.065625 0.665625
1 0.2171875 0.6484375 0.2671875 0.6484375 0.2671875 0.7734375 0.2171875 0.7734375
1 0.609375 0.7390625 0.721875 0.7390625 0.721875 0.809375 0.609375 0.809375