0 0.9234375 0.265625 0.996875 0.265625 0.996875 0.4328125 0.9234375 0.4328125
1 0.803125 0.3 0.9078125 0.3 0.9078125 0.3734375 0.803125 0.3734375
1 0.7515625 0.325 0.8171875 0.325 0.8171875 0.465625 0.7515625 0.465625
1 0.61875 0.253125 0.7203125 0.253125 0.7203125 0.3171875 0.61875 0.3171875
1 0.584375 0.346875 0.6375 0.346875 0.6375 0.4890625 0.584375 0.4890625
1 0.6421875 0.359375 0.715625 0.359375 0.715625 0.4703125 0.6421875 0.4703125
1 0.6328125 0.4609375 0.68125 0.4609375 0.68125 0.590625 0.6328125 0.590625
1 0.665625 0.546875 0.765625 0.546875 0.765625 0.63125 0.665625 0.63125
1 0.778125 0.5296875 0.884375 0.5296875 0.884375 0.6109375 0.778125 0.6109375
1 0.8875 0.5546875 0.940625 0.5546875 0.940625 0.665625 0.8875 0.665625
1 0.8765625 0.665625 0.9453125 0.665625 0.9453125 0.7796875 0.8765625 0.7796875
1 0.5984375 0.66875 0.678125 0.66875 0.678125 0.784375 0.5984375 0.784375
1 0.23125 0.55625 0.2953125 0.55625 0.2953125 0.6953125 0.23125 0.6953125
1 0.0875 0.46875 0.171875 0.46875 0.171875 0.56875 0.0875 0.56875
1 0.0578125 0.5359375 0.128125 0.5359375 0.128125 0.665625 0.0578125 0.665625
1 0.3609375 0.328125 0.446875 0.328125 0.446875 0.4328125 0.3609375 0.4328125
1 0.25625 0.675 0.303125 0.675 0.303125 0.8234375 0.25625 0.8234375
1 0.2953125 0.665625 0.3359375 0.665625 0.3359375 0.80625 0.2953125 0.80625
1 0.51875 0.1796875 0.5875 0.1796875 0.5875 0.4140625 0.51875 0.4140625