0 0.7734375 0.5140625 0.8328125 0.5140625 0.8328125 0.68125 0.7734375 0.68125
0 0.815625 0.621875 0.90625 0.621875 0.90625 0.7296875 0.815625 0.7296875
0 0.353125 0.678125 0.4328125 0.678125 0.4328125 0.80625 0.353125 0.80625
1 0.18125 0.5078125 0.28125 0.5078125 0.28125 0.58125 0.18125 0.58125
1 0.365625 0.4515625 0.4765625 0.4515625 0.4765625 0.528125 0.365625 0.528125
1 0.609375 0.371875 0.7078125 0.371875 0.7078125 0.4296875 0.609375 0.4296875
1 0.859375 0.1046875 0.9421875 0.1046875 0.9421875 0.2109375 0.859375 0.2109375
1 0.6625 0.5640625 0.7453125 0.5640625 0.7453125 0.6796875 0.6625 0.6796875
1 0.6 0.60625 0.6828125 0.60625 0.6828125 0.7234375 0.6 0.7234375
1 0.7015625 0.6625 0.8015625 0.6625 0.8015625 0.7296875 0.7015625 0.7296875
1 0.4046875 0.5984375 0.45 0.5984375 0.45 0.7359375 0.4046875 0.7359375
1 0.2421875 0.6484375 0.340625 0.6484375 0.340625 0.7484375 0.2421875 0.7484375