0 0.5234375 0.203125 0.6015625 0.203125 0.6015625 0.3484375 0.5234375 0.3484375
0 0.4640625 0.1765625 0.534375 0.1765625 0.534375 0.3296875 0.4640625 0.3296875
0 0.7234375 0.0828125 0.821875 0.0828125 0.821875 0.215625 0.7234375 0.215625
1 0.8546875 0.3140625 0.9375 0.3140625 0.9375 0.45 0.8546875 0.45
1 0.7390625 0.353125 0.79375 0.353125 0.79375 0.5 0.7390625 0.5
0 0.740625 0.5234375 0.846875 0.5234375 0.846875 0.653125 0.740625 0.653125
1 0.453125 0.553125 0.54375 0.553125 0.54375 0.6734375 0.453125 0.6734375
0 0.3875 0.5015625 0.4859375 0.5015625 0.4859375 0.615625 0.3875 0.615625
1 0.328125 0.521875 0.375 0.521875 0.375 0.6515625 0.328125 0.6515625
1 0.321875 0.4109375 0.4359375 0.4109375 0.4359375 0.5125 0.321875 0.5125
1 0.1515625 0.6046875 0.259375 0.6046875 0.259375 0.6890625 0.1515625 0.6890625
0 0.4921875 0.6515625 0.59375 0.6515625 0.59375 0.7875 0.4921875 0.7875
1 0.61875 0.665625 0.7203125 0.665625 0.7203125 0.76875 0.61875 0.76875
1 0.7109375 0.6359375 0.7890625 0.6359375 0.7890625 0.7609375 0.7109375 0.7609375
1 0.3484375 0.7484375 0.4515625 0.7484375 0.4515625 0.8125 0.3484375 0.8125
1 0.153125 0.7 0.2484375 0.7 0.2484375 0.7765625 0.153125 0.7765625
1 0.5828125 0.3078125 0.6625 0.3078125 0.6625 0.4390625 0.5828125 0.4390625
1 0.828125 0.7125 0.940625 0.7125 0.940625 0.771875 0.828125 0.771875
1 0.0875 0.6625 0.15 0.6625 0.15 0.775 0.0875 0.775