1 0.0921875 0.10625 0.1984375 0.10625 0.1984375 0.2 0.0921875 0.2
0 0.540625 0.290625 0.6296875 0.290625 0.6296875 0.4375 0.540625 0.4375
1 0.4453125 0.31875 0.5453125 0.31875 0.5453125 0.3984375 0.4453125 0.3984375
1 0.7265625 0.315625 0.825 0.315625 0.825 0.4328125 0.7265625 0.4328125
1 0.5734375 0.4125 0.6234375 0.4125 0.6234375 0.5359375 0.5734375 0.5359375
1 0.4515625 0.6 0.5171875 0.6 0.5171875 0.725 0.4515625 0.725
1 0.3390625 0.6234375 0.3890625 0.6234375 0.3890625 0.746875 0.3390625 0.746875
1 0.5046875 0.665625 0.559375 0.665625 0.559375 0.8109375 0.5046875 0.8109375
1 0.7140625 0.546875 0.803125 0.546875 0.803125 0.640625 0.7140625 0.640625
1 0.8234375 0.5921875 0.934375 0.5921875 0.934375 0.665625 0.8234375 0.665625
1 0.7328125 0.6484375 0.7828125 0.6484375 0.7828125 0.7734375 0.7328125 0.7734375
1 0.278125 0.7390625 0.390625 0.7390625 0.390625 0.809375 0.278125 0.809375