0 0.7296875 0.4546875 0.859375 0.4546875 0.859375 0.578125 0.7296875 0.578125
0 0.4875 0.5171875 0.6 0.5171875 0.6 0.6390625 0.4875 0.6390625
0 0.34375 0 0.40625 0 0.40625 0.146875 0.34375 0.146875
0 0.690625 0.59375 0.8046875 0.59375 0.8046875 0.7125 0.690625 0.7125
1 0.8109375 0.353125 0.896875 0.353125 0.896875 0.4828125 0.8109375 0.4828125
1 0.1328125 0.1015625 0.2375 0.1015625 0.2375 0.190625 0.1328125 0.190625
1 0.221875 0.19375 0.2796875 0.19375 0.2796875 0.3234375 0.221875 0.3234375
1 0.3875 0.35625 0.4359375 0.35625 0.4359375 0.5 0.3875 0.5
1 0.253125 0.375 0.30625 0.375 0.30625 0.5171875 0.253125 0.5171875
1 0.3078125 0.4140625 0.390625 0.4140625 0.390625 0.515625 0.3078125 0.515625
1 0.109375 0.303125 0.203125 0.303125 0.203125 0.3859375 0.109375 0.3859375
1 0 0.1875 0.096875 0.1875 0.096875 0.2625 0 0.2625
1 0.4234375 0.565625 0.503125 0.565625 0.503125 0.703125 0.4234375 0.703125
0 0.659375 0.678125 0.7328125 0.678125 0.7328125 0.7765625 0.659375 0.7765625
1 0.0578125 0.540625 0.171875 0.540625 0.171875 0.6328125 0.0578125 0.6328125
1 0.0453125 0.4796875 0.1625 0.4796875 0.1625 0.540625 0.0453125 0.540625
1 0.153125 0.38125 0.21875 0.38125 0.21875 0.5375 0.153125 0.5375
1 0.0953125 0.6375 0.1453125 0.6375 0.1453125 0.7921875 0.0953125 0.7921875
1 0.04375 0.596875 0.1015625 0.596875 0.1015625 0.721875 0.04375 0.721875
1 0.584375 0.571875 0.6453125 0.571875 0.6453125 0.709375 0.584375 0.709375
1 0.771875 0.5828125 0.8640625 0.5828125 0.8640625 0.7078125 0.771875 0.7078125
1 0.890625 0.615625 0.9390625 0.615625 0.9390625 0.765625 0.890625 0.765625