0 0.6109375 0.653125 0.740625 0.653125 0.740625 0.7609375 0.6109375 0.7609375
0 0.434375 0.5171875 0.5109375 0.5171875 0.5109375 0.671875 0.434375 0.671875
0 0.4171875 0.3265625 0.478125 0.3265625 0.478125 0.49375 0.4171875 0.49375
0 0.3640625 0.53125 0.428125 0.53125 0.428125 0.6984375 0.3640625 0.6984375
1 0.4578125 0.159375 0.528125 0.159375 0.528125 0.2890625 0.4578125 0.2890625
1 0.49375 0.290625 0.559375 0.290625 0.559375 0.40625 0.49375 0.40625
1 0.6140625 0.4015625 0.721875 0.4015625 0.721875 0.478125 0.6140625 0.478125
1 0.5140625 0.4203125 0.5921875 0.4203125 0.5921875 0.509375 0.5140625 0.509375
1 0.55 0.5203125 0.640625 0.5203125 0.640625 0.615625 0.55 0.615625
1 0.5953125 0.46875 0.7 0.46875 0.7 0.5703125 0.5953125 0.5703125
1 0.71875 0.3953125 0.771875 0.3953125 0.771875 0.55 0.71875 0.55
1 0.85625 0.5421875 0.9515625 0.5421875 0.9515625 0.6453125 0.85625 0.6453125
1 0.896875 0.665625 0.9546875 0.665625 0.9546875 0.7984375 0.896875 0.7984375
1 0.15625 0.5359375 0.259375 0.5359375 0.259375 0.6 0.15625 0.6
1 0.059375 0.4921875 0.146875 0.4921875 0.146875 0.5921875 0.059375 0.5921875
1 0.0171875 0.5875 0.078125 0.5875 0.078125 0.7171875 0.0171875 0.7171875
1 0.1625 0.0375 0.2640625 0.0375 0.2640625 0.1203125 0.1625 0.1203125
1 0.390625 0.003125 0.4875 0.003125 0.4875 0.0984375 0.390625 0.0984375
1 0.3109375 0.459375 0.35625 0.459375 0.35625 0.6046875 0.3109375 0.6046875
1 0.246875 0.421875 0.296875 0.421875 0.296875 0.546875 0.246875 0.546875
1 0.1140625 0.6 0.215625 0.6 0.215625 0.675 0.1140625 0.675
1 0.215625 0.6390625 0.278125 0.6390625 0.278125 0.7734375 0.215625 0.7734375
1 0.2734375 0.6015625 0.321875 0.6015625 0.321875 0.734375 0.2734375 0.734375