0 0.115625 0.109375 0.209375 0.109375 0.209375 0.2515625 0.115625 0.2515625
0 0.2359375 0.575 0.309375 0.575 0.309375 0.7375 0.2359375 0.7375
0 0.865625 0.5109375 0.9625 0.5109375 0.9625 0.64375 0.865625 0.64375
1 0.48125 0.3859375 0.5734375 0.3859375 0.5734375 0.446875 0.48125 0.446875
1 0.221875 0.1890625 0.278125 0.1890625 0.278125 0.334375 0.221875 0.334375
1 0.309375 0.5125 0.409375 0.5125 0.409375 0.609375 0.309375 0.609375
1 0.178125 0.46875 0.221875 0.46875 0.221875 0.5890625 0.178125 0.5890625
1 0.0484375 0.40625 0.115625 0.40625 0.115625 0.5140625 0.0484375 0.5140625
1 0.0125 0.528125 0.0875 0.528125 0.0875 0.625 0.0125 0.625
0 0.09375 0.5515625 0.209375 0.5515625 0.209375 0.634375 0.09375 0.634375
1 0.3078125 0.6109375 0.365625 0.6109375 0.365625 0.740625 0.3078125 0.740625
1 0.4546875 0.6734375 0.5453125 0.6734375 0.5453125 0.7484375 0.4546875 0.7484375
1 0.553125 0.6015625 0.6203125 0.6015625 0.6203125 0.7171875 0.553125 0.7171875
1 0.48125 0.578125 0.5546875 0.578125 0.5546875 0.6890625 0.48125 0.6890625
1 0.575 0.446875 0.625 0.446875 0.625 0.6171875 0.575 0.6171875
1 0.6015625 0.6234375 0.665625 0.6234375 0.665625 0.7578125 0.6015625 0.7578125
1 0.6921875 0.6140625 0.7984375 0.6140625 0.7984375 0.69375 0.6921875 0.69375
1 0.746875 0.48125 0.796875 0.48125 0.796875 0.621875 0.746875 0.621875
1 0.8125 0.46875 0.8640625 0.46875 0.8640625 0.6265625 0.8125 0.6265625
1 0.85625 0.38125 0.9125 0.38125 0.9125 0.521875 0.85625 0.521875
1 0.9109375 0.45625 1 0.45625 1 0.5234375 0.9109375 0.5234375
1 0.4203125 0 0.4625 0 0.4625 0.1359375 0.4203125 0.1359375
0 0.496875 0 0.578125 0 0.578125 0.11875 0.496875 0.11875
1 0.3953125 0.6671875 0.4484375 0.6671875 0.4484375 0.778125 0.3953125 0.778125
1 0.065625 0.653125 0.1640625 0.653125 0.1640625 0.734375 0.065625 0.734375