0 0.5109375 0.2234375 0.5828125 0.2234375 0.5828125 0.3703125 0.5109375 0.3703125
0 0.384375 0.621875 0.44375 0.621875 0.44375 0.7875 0.384375 0.7875
0 0.221875 0.1796875 0.3140625 0.1796875 0.3140625 0.34375 0.221875 0.34375
0 0.553125 0.33125 0.6328125 0.33125 0.6328125 0.4765625 0.553125 0.4765625
0 0.5875 0.246875 0.665625 0.246875 0.665625 0.390625 0.5875 0.390625
0 0.71875 0.6703125 0.84375 0.6703125 0.84375 0.75625 0.71875 0.75625
1 0.0109375 0.525 0.0875 0.525 0.0875 0.653125 0.0109375 0.653125
1 0.140625 0.15 0.2265625 0.15 0.2265625 0.215625 0.140625 0.215625
1 0.3859375 0.2671875 0.4328125 0.2671875 0.4328125 0.3953125 0.3859375 0.3953125
1 0.321875 0.371875 0.3953125 0.371875 0.3953125 0.5 0.321875 0.5
1 0.4390625 0.49375 0.5390625 0.49375 0.5390625 0.5609375 0.4390625 0.5609375
1 0.5078125 0.5734375 0.559375 0.5734375 0.559375 0.7375 0.5078125 0.7375
1 0.5984375 0.5078125 0.696875 0.5078125 0.696875 0.584375 0.5984375 0.584375
1 0.753125 0.43125 0.8203125 0.43125 0.8203125 0.55 0.753125 0.55
1 0.8078125 0.55 0.9109375 0.55 0.9109375 0.6234375 0.8078125 0.6234375
1 0.9109375 0.4046875 0.9859375 0.4046875 0.9859375 0.5265625 0.9109375 0.5265625
1 0.625 0.5859375 0.70625 0.5859375 0.70625 0.7 0.625 0.7
1 0.5859375 0.609375 0.6421875 0.609375 0.6421875 0.7328125 0.5859375 0.7328125
1 0.55 0.559375 0.6 0.559375 0.6 0.69375 0.55 0.69375
1 0.209375 0.6015625 0.3015625 0.6015625 0.3015625 0.6859375 0.209375 0.6859375
1 0.484375 0.1234375 0.5765625 0.1234375 0.5765625 0.209375 0.484375 0.209375
1 0.6703125 0 0.7609375 0 0.7609375 0.0921875 0.6703125 0.0921875
1 0.6953125 0.2609375 0.7875 0.2609375 0.7875 0.3484375 0.6953125 0.3484375
1 0.8328125 0.64375 0.8796875 0.64375 0.8796875 0.746875 0.8328125 0.746875
1 0.384375 0.8296875 0.515625 0.8296875 0.515625 0.9078125 0.384375 0.9078125
1 0.6796875 0.7578125 0.7921875 0.7578125 0.7921875 0.8234375 0.6796875 0.8234375
1 0.459375 0.2453125 0.515625 0.2453125 0.515625 0.39375 0.459375 0.39375