0 0.934375 0.51875 1 0.51875 1 0.6734375 0.934375 0.6734375
0 0.8359375 0.5640625 0.9078125 0.5640625 0.9078125 0.73125 0.8359375 0.73125
0 0.6671875 0.465625 0.809375 0.465625 0.809375 0.55 0.6671875 0.55
0 0.740625 0.3328125 0.8546875 0.3328125 0.8546875 0.434375 0.740625 0.434375
0 0.115625 0.5203125 0.21875 0.5203125 0.21875 0.659375 0.115625 0.659375
0 0.4546875 0.590625 0.578125 0.590625 0.578125 0.6921875 0.4546875 0.6921875
1 0.6984375 0.2359375 0.80625 0.2359375 0.80625 0.3203125 0.6984375 0.3203125
1 0.5546875 0.025 0.65625 0.025 0.65625 0.115625 0.5546875 0.115625
1 0.465625 0.228125 0.590625 0.228125 0.590625 0.3 0.465625 0.3
1 0.4875 0.3390625 0.575 0.3390625 0.575 0.440625 0.4875 0.440625
1 0.3796875 0.4078125 0.478125 0.4078125 0.478125 0.4796875 0.3796875 0.4796875
1 0.234375 0.1875 0.2796875 0.1875 0.2796875 0.328125 0.234375 0.328125
1 0.1609375 0.309375 0.2234375 0.309375 0.2234375 0.4453125 0.1609375 0.4453125
1 0.26875 0.459375 0.3375 0.459375 0.3375 0.584375 0.26875 0.584375
1 0.4390625 0.4796875 0.509375 0.4796875 0.509375 0.6046875 0.4390625 0.6046875
1 0.8296875 0.0203125 0.9046875 0.0203125 0.9046875 0.13125 0.8296875 0.13125
1 0.253125 0.6171875 0.3125 0.6171875 0.3125 0.7359375 0.253125 0.7359375
1 0.046875 0.565625 0.1 0.565625 0.1 0.715625 0.046875 0.715625
1 0.621875 0.5546875 0.703125 0.5546875 0.703125 0.6578125 0.621875 0.6578125
1 0.5 0.5046875 0.5984375 0.5046875 0.5984375 0.58125 0.5 0.58125
1 0.3578125 0.4984375 0.453125 0.4984375 0.453125 0.596875 0.3578125 0.596875
1 0.3140625 0.309375 0.415625 0.309375 0.415625 0.3890625 0.3140625 0.3890625
1 0.3640625 0.2359375 0.446875 0.2359375 0.446875 0.31875 0.3640625 0.31875