0 0.746875 0.58125 0.8109375 0.58125 0.8109375 0.7515625 0.746875 0.7515625
0 0.8421875 0.3453125 0.921875 0.3453125 0.921875 0.490625 0.8421875 0.490625
1 0.803125 0.196875 0.8734375 0.196875 0.8734375 0.33125 0.803125 0.33125
1 0.7765625 0.090625 0.8640625 0.090625 0.8640625 0.209375 0.7765625 0.209375
1 0.6921875 0.040625 0.7796875 0.040625 0.7796875 0.140625 0.6921875 0.140625
1 0.540625 0.0984375 0.5921875 0.0984375 0.5921875 0.221875 0.540625 0.221875
1 0.4609375 0.0234375 0.559375 0.0234375 0.559375 0.090625 0.4609375 0.090625
1 0.4953125 0.2828125 0.5921875 0.2828125 0.5921875 0.340625 0.4953125 0.340625
1 0.215625 0.265625 0.290625 0.265625 0.290625 0.3859375 0.215625 0.3859375
1 0.2859375 0.3625 0.3484375 0.3625 0.3484375 0.503125 0.2859375 0.503125
1 0.415625 0.43125 0.4578125 0.43125 0.4578125 0.5703125 0.415625 0.5703125
1 0.478125 0.39375 0.5671875 0.39375 0.5671875 0.4625 0.478125 0.4625
1 0.5828125 0.4484375 0.628125 0.4484375 0.628125 0.5796875 0.5828125 0.5796875
1 0.64375 0.4234375 0.74375 0.4234375 0.74375 0.490625 0.64375 0.490625
1 0.8765625 0.465625 0.990625 0.465625 0.990625 0.546875 0.8765625 0.546875
1 0.45625 0.60625 0.559375 0.60625 0.559375 0.6921875 0.45625 0.6921875
1 0.0890625 0.521875 0.153125 0.521875 0.153125 0.6546875 0.0890625 0.6546875
1 0.2796875 0.4921875 0.3453125 0.4921875 0.3453125 0.6046875 0.2796875 0.6046875
1 0.321875 0.5046875 0.4 0.5046875 0.4 0.61875 0.321875 0.61875
1 0.240625 0.61875 0.3484375 0.61875 0.3484375 0.6984375 0.240625 0.6984375
1 0.4609375 0.4546875 0.5515625 0.4546875 0.5515625 0.546875 0.4609375 0.546875