0 0.409375 0.5875 0.5203125 0.5875 0.5203125 0.69375 0.409375 0.69375
0 0.5203125 0.646875 0.6484375 0.646875 0.6484375 0.753125 0.5203125 0.753125
0 0.1984375 0.4484375 0.303125 0.4484375 0.303125 0.5484375 0.1984375 0.5484375
0 0.4015625 0.5109375 0.509375 0.5109375 0.509375 0.6140625 0.4015625 0.6140625
1 0.06875 0.2 0.1359375 0.2 0.1359375 0.3234375 0.06875 0.3234375
1 0.16875 0.065625 0.2734375 0.065625 0.2734375 0.13125 0.16875 0.13125
1 0.35 0.225 0.459375 0.225 0.459375 0.2953125 0.35 0.2953125
1 0.4203125 0.3078125 0.5046875 0.3078125 0.5046875 0.428125 0.4203125 0.428125
1 0.475 0.1609375 0.58125 0.1609375 0.58125 0.2390625 0.475 0.2390625
1 0.9390625 0.115625 0.996875 0.115625 0.996875 0.2421875 0.9390625 0.2421875
1 0.884375 0.4078125 0.9578125 0.4078125 0.9578125 0.55625 0.884375 0.55625
1 0.85 0.5765625 0.9 0.5765625 0.9 0.73125 0.85 0.73125
1 0.8984375 0.5890625 0.9515625 0.5890625 0.9515625 0.721875 0.8984375 0.721875
1 0.534375 0.459375 0.596875 0.459375 0.596875 0.596875 0.534375 0.596875
1 0.2953125 0.5453125 0.340625 0.5453125 0.340625 0.684375 0.2953125 0.684375
1 0.203125 0.578125 0.278125 0.578125 0.278125 0.6953125 0.203125 0.6953125
1 0.03125 0.6015625 0.13125 0.6015625 0.13125 0.70625 0.03125 0.70625
1 0.3359375 0.4671875 0.409375 0.4671875 0.409375 0.5734375 0.3359375 0.5734375
1 0.734375 0.653125 0.7828125 0.653125 0.7828125 0.7953125 0.734375 0.7953125
1 0.228125 0.2921875 0.35 0.2921875 0.35 0.4203125 0.228125 0.4203125