0 0.7890625 0.65 0.8828125 0.65 0.8828125 0.775 0.7890625 0.775
0 0.6703125 0.6953125 0.7765625 0.6953125 0.7765625 0.81875 0.6703125 0.81875
0 0.540625 0.465625 0.621875 0.465625 0.621875 0.625 0.540625 0.625
1 0.6234375 0.4984375 0.675 0.4984375 0.675 0.640625 0.6234375 0.640625
1 0.4734375 0.3859375 0.5875 0.3859375 0.5875 0.4671875 0.4734375 0.4671875
1 0.321875 0.56875 0.38125 0.56875 0.38125 0.75625 0.321875 0.75625
1 0.2109375 0.5390625 0.2609375 0.5390625 0.2609375 0.678125 0.2109375 0.678125
1 0.103125 0.565625 0.1984375 0.565625 0.1984375 0.628125 0.103125 0.628125
1 0.11875 0.6453125 0.2140625 0.6453125 0.2140625 0.7421875 0.11875 0.7421875
1 0.065625 0.6734375 0.13125 0.6734375 0.13125 0.815625 0.065625 0.815625
1 0.075 0.2765625 0.1734375 0.2765625 0.1734375 0.3359375 0.075 0.3359375
1 0.0125 0.3515625 0.1171875 0.3515625 0.1171875 0.415625 0.0125 0.415625
1 0.7578125 0.4671875 0.8078125 0.4671875 0.8078125 0.5765625 0.7578125 0.5765625
1 0.7296875 0.575 0.778125 0.575 0.778125 0.6984375 0.7296875 0.6984375
1 0.628125 0.625 0.7140625 0.625 0.7140625 0.7171875 0.628125 0.7171875
1 0.7703125 0.575 0.8265625 0.575 0.8265625 0.7109375 0.7703125 0.7109375
1 0.8125 0.5125 0.88125 0.5125 0.88125 0.6234375 0.8125 0.6234375
1 0.865625 0.4421875 0.953125 0.4421875 0.953125 0.51875 0.865625 0.51875
1 0.8421875 0.33125 0.8984375 0.33125 0.8984375 0.4640625 0.8421875 0.4640625
1 0.921875 0.2890625 0.9734375 0.2890625 0.9734375 0.4109375 0.921875 0.4109375
1 0.90625 0.4640625 0.9984375 0.4640625 0.9984375 0.5796875 0.90625 0.5796875
1 0.9109375 0.6046875 1 0.6046875 1 0.715625 0.9109375 0.715625
1 0.8671875 0.6390625 0.9171875 0.6390625 0.9171875 0.7625 0.8671875 0.7625