0 0.490625 0.50625 0.559375 0.50625 0.559375 0.6625 0.490625 0.6625
1 0.2765625 0.496875 0.33125 0.496875 0.33125 0.61875 0.2765625 0.61875
0 0.3578125 0.38125 0.4375 0.38125 0.4375 0.5359375 0.3578125 0.5359375
0 0.5265625 0.3109375 0.615625 0.3109375 0.615625 0.4484375 0.5265625 0.4484375
1 0.0671875 0.15625 0.15625 0.15625 0.15625 0.259375 0.0671875 0.259375
1 0.1421875 0.465625 0.19375 0.465625 0.19375 0.6 0.1421875 0.6
1 0.071875 0.56875 0.1296875 0.56875 0.1296875 0.7109375 0.071875 0.7109375
1 0.646875 0.7453125 0.7234375 0.7453125 0.7234375 0.840625 0.646875 0.840625
1 0.66875 0.371875 0.76875 0.371875 0.76875 0.4875 0.66875 0.4875
1 0.609375 0.4796875 0.6828125 0.4796875 0.6828125 0.5890625 0.609375 0.5890625
1 0.5671875 0.553125 0.625 0.553125 0.625 0.6828125 0.5671875 0.6828125
1 0.1375 0.6921875 0.2421875 0.6921875 0.2421875 0.7625 0.1375 0.7625
1 0.35 0.609375 0.43125 0.609375 0.43125 0.6984375 0.35 0.6984375
1 0.39375 0.63125 0.4640625 0.63125 0.4640625 0.7390625 0.39375 0.7390625
1 0.8546875 0.4953125 0.9125 0.4953125 0.9125 0.6390625 0.8546875 0.6390625
1 0.7859375 0.5421875 0.8515625 0.5421875 0.8515625 0.6890625 0.7859375 0.6890625
1 0.759375 0.446875 0.8609375 0.446875 0.8609375 0.5453125 0.759375 0.5453125
1 0.678125 0.4671875 0.7609375 0.4671875 0.7609375 0.559375 0.678125 0.559375
0 0.64375 0.60625 0.725 0.60625 0.725 0.753125 0.64375 0.753125
0 0.2265625 0.60625 0.3421875 0.60625 0.3421875 0.7265625 0.2265625 0.7265625
1 0.1234375 0.6359375 0.221875 0.6359375 0.221875 0.703125 0.1234375 0.703125
1 0.1953125 0.5234375 0.2421875 0.5234375 0.2421875 0.65 0.1953125 0.65
1 0.4703125 0.6046875 0.5296875 0.6046875 0.5296875 0.7375 0.4703125 0.7375
1 0.6234375 0.5578125 0.66875 0.5578125 0.66875 0.7015625 0.6234375 0.7015625