0 0.36875 0.6046875 0.4734375 0.6046875 0.4734375 0.7296875 0.36875 0.7296875
0 0.54375 0.5421875 0.60625 0.5421875 0.60625 0.7140625 0.54375 0.7140625
0 0.5734375 0.3625 0.678125 0.3625 0.678125 0.496875 0.5734375 0.496875
1 0.7625 0.290625 0.8546875 0.290625 0.8546875 0.4046875 0.7625 0.4046875
1 0.5984375 0.2171875 0.696875 0.2171875 0.696875 0.30625 0.5984375 0.30625
1 0.43125 0.190625 0.4953125 0.190625 0.4953125 0.3328125 0.43125 0.3328125
1 0.46875 0.384375 0.509375 0.384375 0.509375 0.5234375 0.46875 0.5234375
1 0.403125 0.49375 0.459375 0.49375 0.459375 0.6234375 0.403125 0.6234375
1 0.3234375 0.5109375 0.3890625 0.5109375 0.3890625 0.60625 0.3234375 0.60625
1 0.2859375 0.6140625 0.359375 0.6140625 0.359375 0.7171875 0.2859375 0.7171875
1 0.225 0.525 0.284375 0.525 0.284375 0.6671875 0.225 0.6671875
1 0.1015625 0.5 0.1625 0.5 0.1625 0.6484375 0.1015625 0.6484375
1 0.0125 0.1921875 0.11875 0.1921875 0.11875 0.2796875 0.0125 0.2796875
1 0.7921875 0.075 0.84375 0.075 0.84375 0.21875 0.7921875 0.21875
1 0.8921875 0.115625 0.965625 0.115625 0.965625 0.2125 0.8921875 0.2125
1 0.8515625 0.590625 0.9421875 0.590625 0.9421875 0.6765625 0.8515625 0.6765625
1 0.68125 0.4484375 0.7546875 0.4484375 0.7546875 0.575 0.68125 0.575
1 0.63125 0.546875 0.7359375 0.546875 0.7359375 0.6171875 0.63125 0.6171875
1 0.6359375 0.59375 0.6828125 0.59375 0.6828125 0.7203125 0.6359375 0.7203125
0 0.590625 0.675 0.6609375 0.675 0.6609375 0.8234375 0.590625 0.8234375
0 0.803125 0.6828125 0.9234375 0.6828125 0.9234375 0.8171875 0.803125 0.8171875
1 0.0265625 0.6171875 0.1046875 0.6171875 0.1046875 0.740625 0.0265625 0.740625
1 0.4859375 0.56875 0.5484375 0.56875 0.5484375 0.6984375 0.4859375 0.6984375
1 0.253125 0.4578125 0.309375 0.4578125 0.309375 0.559375 0.253125 0.559375