0 0.38125 0.1828125 0.4609375 0.1828125 0.4609375 0.340625 0.38125 0.340625
0 0.528125 0.571875 0.6 0.571875 0.6 0.728125 0.528125 0.728125
0 0.81875 0.6421875 0.9328125 0.6421875 0.9328125 0.7484375 0.81875 0.7484375
0 0.021875 0.2640625 0.1265625 0.2640625 0.1265625 0.3984375 0.021875 0.3984375
1 0.121875 0.2 0.20625 0.2 0.20625 0.3453125 0.121875 0.3453125
1 0.2625 0.25625 0.3421875 0.25625 0.3421875 0.4140625 0.2625 0.4140625
1 0.1859375 0.3140625 0.25625 0.3140625 0.25625 0.4796875 0.1859375 0.4796875
0 0.184375 0.465625 0.26875 0.465625 0.26875 0.609375 0.184375 0.609375
1 0.1625 0.621875 0.2609375 0.621875 0.2609375 0.7078125 0.1625 0.7078125
1 0.3203125 0.5375 0.3765625 0.5375 0.3765625 0.66875 0.3203125 0.66875
1 0.4 0.565625 0.4484375 0.565625 0.4484375 0.7078125 0.4 0.7078125
1 0.3828125 0.45 0.4453125 0.45 0.4453125 0.5890625 0.3828125 0.5890625
0 0.5296875 0.478125 0.646875 0.478125 0.646875 0.5578125 0.5296875 0.5578125
1 0.60625 0.4 0.71875 0.4 0.71875 0.484375 0.60625 0.484375
1 0.6734375 0.534375 0.7609375 0.534375 0.7609375 0.6609375 0.6734375 0.6609375
1 0.60625 0.603125 0.7109375 0.603125 0.7109375 0.6875 0.60625 0.6875
1 0.7765625 0.540625 0.8875 0.540625 0.8875 0.6265625 0.7765625 0.6265625
1 0.86875 0.5703125 0.9734375 0.5703125 0.9734375 0.6578125 0.86875 0.6578125
1 0.7296875 0.640625 0.8390625 0.640625 0.8390625 0.7578125 0.7296875 0.7578125
1 0.0375 0.4171875 0.0984375 0.4171875 0.0984375 0.5921875 0.0375 0.5921875
0 0.453125 0.665625 0.509375 0.665625 0.509375 0.8015625 0.453125 0.8015625
1 0.4171875 0.734375 0.49375 0.734375 0.49375 0.8484375 0.4171875 0.8484375
0 0 0.70625 0.1140625 0.70625 0.1140625 0.8015625 0 0.8015625
1 0.3078125 0.6796875 0.3640625 0.6796875 0.3640625 0.8125 0.3078125 0.8125