0 0.2125 0.6484375 0.340625 0.6484375 0.340625 0.71875 0.2125 0.71875
0 0.303125 0.4359375 0.396875 0.4359375 0.396875 0.58125 0.303125 0.58125
0 0.49375 0.4125 0.55625 0.4125 0.55625 0.56875 0.49375 0.56875
0 0.3765625 0.2765625 0.4625 0.2765625 0.4625 0.43125 0.3765625 0.43125
1 0.4484375 0.259375 0.5390625 0.259375 0.5390625 0.346875 0.4484375 0.346875
1 0.584375 0.290625 0.6453125 0.290625 0.6453125 0.4171875 0.584375 0.4171875
1 0.6609375 0.159375 0.7640625 0.159375 0.7640625 0.2296875 0.6609375 0.2296875
1 0.796875 0.14375 0.890625 0.14375 0.890625 0.2390625 0.796875 0.2390625
1 0.765625 0.3640625 0.81875 0.3640625 0.81875 0.4796875 0.765625 0.4796875
1 0.3078125 0.040625 0.4078125 0.040625 0.4078125 0.115625 0.3078125 0.115625
1 0.103125 0.2609375 0.153125 0.2609375 0.153125 0.4140625 0.103125 0.4140625
1 0.3421875 0.5875 0.4125 0.5875 0.4125 0.70625 0.3421875 0.70625
1 0.4671875 0.571875 0.559375 0.571875 0.559375 0.653125 0.4671875 0.653125
1 0.603125 0.4109375 0.684375 0.4109375 0.684375 0.515625 0.603125 0.515625
0 0.721875 0.6 0.8421875 0.6 0.8421875 0.7109375 0.721875 0.7109375
1 0.8421875 0.503125 0.9203125 0.503125 0.9203125 0.640625 0.8421875 0.640625
1 0.4546875 0.4375 0.496875 0.4375 0.496875 0.5703125 0.4546875 0.5703125
1 0.3859375 0.4078125 0.453125 0.4078125 0.453125 0.534375 0.3859375 0.534375
1 0.2015625 0.5484375 0.303125 0.5484375 0.303125 0.65 0.2015625 0.65
1 0.1625 0.521875 0.2234375 0.521875 0.2234375 0.6484375 0.1625 0.6484375
1 0.053125 0.415625 0.1 0.415625 0.1 0.553125 0.053125 0.553125
0 0.4296875 0.646875 0.5234375 0.646875 0.5234375 0.79375 0.4296875 0.79375