0 0.1296875 0.3859375 0.196875 0.3859375 0.196875 0.55 0.1296875 0.55
0 0.4453125 0.5828125 0.5546875 0.5828125 0.5546875 0.6796875 0.4453125 0.6796875
0 0.584375 0.6234375 0.6953125 0.6234375 0.6953125 0.740625 0.584375 0.740625
0 0 0.5953125 0.090625 0.5953125 0.090625 0.6734375 0 0.6734375
1 0.3921875 0.2421875 0.4796875 0.2421875 0.4796875 0.3546875 0.3921875 0.3546875
1 0.496875 0.2546875 0.59375 0.2546875 0.59375 0.334375 0.496875 0.334375
1 0.5109375 0.153125 0.584375 0.153125 0.584375 0.2546875 0.5109375 0.2546875
1 0.628125 0.3421875 0.703125 0.3421875 0.703125 0.4640625 0.628125 0.4640625
1 0.71875 0.5171875 0.7640625 0.5171875 0.7640625 0.65 0.71875 0.65
1 0.7609375 0.6109375 0.8140625 0.6109375 0.8140625 0.74375 0.7609375 0.74375
1 0.81875 0.1359375 0.925 0.1359375 0.925 0.209375 0.81875 0.209375
1 0.921875 0.203125 0.98125 0.203125 0.98125 0.3359375 0.921875 0.3359375
1 0.9046875 0.45625 1 0.45625 1 0.525 0.9046875 0.525
1 0.0703125 0.4484375 0.15625 0.4484375 0.15625 0.578125 0.0703125 0.578125
1 0.021875 0.428125 0.0671875 0.428125 0.0671875 0.5546875 0.021875 0.5546875
1 0.203125 0.3734375 0.3 0.3734375 0.3 0.4578125 0.203125 0.4578125
1 0.259375 0.5765625 0.3234375 0.5765625 0.3234375 0.6984375 0.259375 0.6984375
1 0.3703125 0.553125 0.440625 0.553125 0.440625 0.65625 0.3703125 0.65625
1 0.0515625 0.0171875 0.1546875 0.0171875 0.1546875 0.09375 0.0515625 0.09375