0 0.5578125 0.3125 0.6640625 0.3125 0.6640625 0.434375 0.5578125 0.434375
0 0.128125 0.28125 0.2234375 0.28125 0.2234375 0.415625 0.128125 0.415625
0 0.6890625 0.4453125 0.8015625 0.4453125 0.8015625 0.59375 0.6890625 0.59375
0 0.4859375 0.059375 0.546875 0.059375 0.546875 0.228125 0.4859375 0.228125
1 0.2296875 0.3296875 0.340625 0.3296875 0.340625 0.3921875 0.2296875 0.3921875
1 0.03125 0.515625 0.10625 0.515625 0.10625 0.63125 0.03125 0.63125
1 0.440625 0.415625 0.4953125 0.415625 0.4953125 0.5515625 0.440625 0.5515625
1 0.4421875 0.55625 0.5390625 0.55625 0.5390625 0.6515625 0.4421875 0.6515625
1 0.4921875 0.390625 0.553125 0.390625 0.553125 0.5328125 0.4921875 0.5328125
1 0.5546875 0.4078125 0.6375 0.4078125 0.6375 0.5203125 0.5546875 0.5203125
1 0.6078125 0.5171875 0.7078125 0.5171875 0.7078125 0.58125 0.6078125 0.58125
1 0.6546875 0.5765625 0.7578125 0.5765625 0.7578125 0.6484375 0.6546875 0.6484375
1 0.815625 0.60625 0.8953125 0.60625 0.8953125 0.7234375 0.815625 0.7234375
1 0.840625 0.515625 0.903125 0.515625 0.903125 0.6421875 0.840625 0.6421875
1 0.871875 0.475 0.9375 0.475 0.9375 0.61875 0.871875 0.61875
1 0.6234375 0.2734375 0.7171875 0.2734375 0.7171875 0.35625 0.6234375 0.35625
1 0.834375 0.128125 0.94375 0.128125 0.94375 0.2109375 0.834375 0.2109375
1 0.94375 0.1859375 0.996875 0.1859375 0.996875 0.315625 0.94375 0.315625
1 0.9359375 0.31875 1 0.31875 1 0.4546875 0.9359375 0.4546875
1 0.409375 0 0.503125 0 0.503125 0.0734375 0.409375 0.0734375
1 0.315625 0.5921875 0.371875 0.5921875 0.371875 0.73125 0.315625 0.73125
1 0.1796875 0.55 0.246875 0.55 0.246875 0.675 0.1796875 0.675
1 0.1125 0.5484375 0.1859375 0.5484375 0.1859375 0.653125 0.1125 0.653125
1 0.5578125 0.6359375 0.64375 0.6359375 0.64375 0.73125 0.5578125 0.73125
1 0.6484375 0.6375 0.721875 0.6375 0.721875 0.75625 0.6484375 0.75625
1 0.7203125 0.3109375 0.8578125 0.3109375 0.8578125 0.4375 0.7203125 0.4375