0 0.5390625 0.1828125 0.61875 0.1828125 0.61875 0.340625 0.5390625 0.340625
0 0.4015625 0.571875 0.4734375 0.571875 0.4734375 0.728125 0.4015625 0.728125
0 0.06875 0.6421875 0.1828125 0.6421875 0.1828125 0.7484375 0.06875 0.7484375
0 0.8734375 0.2640625 0.978125 0.2640625 0.978125 0.3984375 0.8734375 0.3984375
1 0.79375 0.2 0.878125 0.2 0.878125 0.3453125 0.79375 0.3453125
1 0.6578125 0.25625 0.7375 0.25625 0.7375 0.4140625 0.6578125 0.4140625
1 0.7453125 0.3140625 0.815625 0.3140625 0.815625 0.4796875 0.7453125 0.4796875
0 0.73125 0.465625 0.815625 0.465625 0.815625 0.609375 0.73125 0.609375
1 0.7390625 0.621875 0.8375 0.621875 0.8375 0.7078125 0.7390625 0.7078125
1 0.6234375 0.5375 0.6796875 0.5375 0.6796875 0.66875 0.6234375 0.66875
1 0.553125 0.565625 0.6015625 0.565625 0.6015625 0.7078125 0.553125 0.7078125
1 0.5546875 0.45 0.6171875 0.45 0.6171875 0.5890625 0.5546875 0.5890625
0 0.353125 0.478125 0.4703125 0.478125 0.4703125 0.5578125 0.353125 0.5578125
1 0.28125 0.4 0.39375 0.4 0.39375 0.484375 0.28125 0.484375
1 0.240625 0.534375 0.328125 0.534375 0.328125 0.6609375 0.240625 0.6609375
1 0.2890625 0.603125 0.39375 0.603125 0.39375 0.6875 0.2890625 0.6875
1 0.1125 0.540625 0.2234375 0.540625 0.2234375 0.6265625 0.1125 0.6265625
1 0.0265625 0.5703125 0.13125 0.5703125 0.13125 0.6578125 0.0265625 0.6578125
1 0.1609375 0.640625 0.2703125 0.640625 0.2703125 0.7578125 0.1609375 0.7578125
1 0.9015625 0.4171875 0.9625 0.4171875 0.9625 0.5921875 0.9015625 0.5921875
0 0.4921875 0.665625 0.5484375 0.665625 0.5484375 0.8015625 0.4921875 0.8015625
1 0.5078125 0.734375 0.584375 0.734375 0.584375 0.8484375 0.5078125 0.8484375
0 0.8859375 0.70625 1 0.70625 1 0.8015625 0.8859375 0.8015625
1 0.6375 0.6796875 0.69375 0.6796875 0.69375 0.8125 0.6375 0.8125