0 0.9 0.215625 0.9859375 0.215625 0.9859375 0.353125 0.9 0.353125
0 0.5609375 0.490625 0.6859375 0.490625 0.6859375 0.5734375 0.5609375 0.5734375
0 0.6046875 0.6734375 0.7390625 0.6734375 0.7390625 0.7546875 0.6046875 0.7546875
0 0.115625 0.6390625 0.2234375 0.6390625 0.2234375 0.7984375 0.115625 0.7984375
0 0.196875 0.69375 0.3359375 0.69375 0.3359375 0.7875 0.196875 0.7875
0 0.240625 0.5734375 0.3109375 0.5734375 0.3109375 0.746875 0.240625 0.746875
0 0.65 0.234375 0.721875 0.234375 0.721875 0.3828125 0.65 0.3828125
0 0.80625 0 0.8953125 0 0.8953125 0.1328125 0.80625 0.1328125
1 0.8828125 0.0453125 0.9640625 0.0453125 0.9640625 0.1078125 0.8828125 0.1078125
1 0.8390625 0.3296875 0.903125 0.3296875 0.903125 0.4484375 0.8390625 0.4484375
1 0.5546875 0.296875 0.6328125 0.296875 0.6328125 0.396875 0.5546875 0.396875
1 0.4390625 0.15 0.496875 0.15 0.496875 0.2875 0.4390625 0.2875
1 0.0390625 0.06875 0.1390625 0.06875 0.1390625 0.1578125 0.0390625 0.1578125
1 0.125 0.3171875 0.171875 0.3171875 0.171875 0.4515625 0.125 0.4515625
1 0.075 0.428125 0.1421875 0.428125 0.1421875 0.565625 0.075 0.565625
1 0.021875 0.4296875 0.0609375 0.4296875 0.0609375 0.56875 0.021875 0.56875
1 0.0953125 0.5234375 0.2 0.5234375 0.2 0.621875 0.0953125 0.621875
1 0.315625 0.5375 0.3796875 0.5375 0.3796875 0.675 0.315625 0.675
1 0.4828125 0.5484375 0.5890625 0.5484375 0.5890625 0.640625 0.4828125 0.640625
1 0.490625 0.4234375 0.5546875 0.4234375 0.5546875 0.5453125 0.490625 0.5453125
1 0.5625 0.6109375 0.6546875 0.6109375 0.6546875 0.671875 0.5625 0.671875
1 0.440625 0.615625 0.5453125 0.615625 0.5453125 0.6875 0.440625 0.6875
1 0.8375 0.4921875 0.915625 0.4921875 0.915625 0.6078125 0.8375 0.6078125
1 0.7484375 0.5828125 0.8 0.5828125 0.8 0.7078125 0.7484375 0.7078125
1 0.7875 0.6390625 0.84375 0.6390625 0.84375 0.7796875 0.7875 0.7796875
1 0.00625 0.6 0.096875 0.6 0.096875 0.7125 0.00625 0.7125
1 0 0.315625 0.0765625 0.315625 0.0765625 0.421875 0 0.421875