0 0.534375 0.278125 0.615625 0.278125 0.615625 0.434375 0.534375 0.434375
0 0.8359375 0.25 0.8953125 0.25 0.8953125 0.4265625 0.8359375 0.4265625
0 0.60625 0.5484375 0.659375 0.5484375 0.659375 0.71875 0.60625 0.71875
0 0.525 0.1734375 0.6359375 0.1734375 0.6359375 0.278125 0.525 0.278125
0 0.2265625 0.403125 0.30625 0.403125 0.30625 0.5671875 0.2265625 0.5671875
0 0.8015625 0.71875 0.9328125 0.71875 0.9328125 0.79375 0.8015625 0.79375
0 0.040625 0.2984375 0.18125 0.2984375 0.18125 0.3953125 0.040625 0.3953125
1 0.1625 0.46875 0.23125 0.46875 0.23125 0.5953125 0.1625 0.5953125
1 0.3109375 0.41875 0.3625 0.41875 0.3625 0.5625 0.3109375 0.5625
1 0.378125 0.409375 0.428125 0.409375 0.428125 0.5453125 0.378125 0.5453125
1 0.3328125 0.2859375 0.378125 0.2859375 0.378125 0.4234375 0.3328125 0.4234375
1 0.2046875 0.2671875 0.2765625 0.2671875 0.2765625 0.39375 0.2046875 0.39375
1 0.2171875 0.075 0.3078125 0.075 0.3078125 0.1671875 0.2171875 0.1671875
1 0.6328125 0.2796875 0.7046875 0.2796875 0.7046875 0.403125 0.6328125 0.403125
1 0.6890625 0.54375 0.7484375 0.54375 0.7484375 0.6984375 0.6890625 0.6984375
1 0.7546875 0.5546875 0.84375 0.5546875 0.84375 0.6671875 0.7546875 0.6671875
1 0.8265625 0 0.909375 0 0.909375 0.1171875 0.8265625 0.1171875
1 0.0375 0.175 0.140625 0.175 0.140625 0.253125 0.0375 0.253125
1 0.15 0.1734375 0.209375 0.1734375 0.209375 0.2984375 0.15 0.2984375
1 0.378125 0.56875 0.453125 0.56875 0.453125 0.7 0.378125 0.7
1 0.059375 0.628125 0.1265625 0.628125 0.1265625 0.7640625 0.059375 0.7640625
1 0.121875 0.578125 0.171875 0.578125 0.171875 0.7203125 0.121875 0.7203125
1 0.4515625 0.5671875 0.525 0.5671875 0.525 0.675 0.4515625 0.675
1 0 0.490625 0.08125 0.490625 0.08125 0.553125 0 0.553125