0 0.309375 0.5453125 0.415625 0.5453125 0.415625 0.675 0.309375 0.675
0 0.2265625 0.509375 0.3015625 0.509375 0.3015625 0.671875 0.2265625 0.671875
0 0.1625 0.521875 0.2203125 0.521875 0.2203125 0.6984375 0.1625 0.6984375
0 0.08125 0.515625 0.1703125 0.515625 0.1703125 0.653125 0.08125 0.653125
0 0.4359375 0.5078125 0.490625 0.5078125 0.490625 0.684375 0.4359375 0.684375
0 0.490625 0.5796875 0.540625 0.5796875 0.540625 0.759375 0.490625 0.759375
0 0.4046875 0.259375 0.503125 0.259375 0.503125 0.3703125 0.4046875 0.3703125
1 0.621875 0.3609375 0.6890625 0.3609375 0.6890625 0.4953125 0.621875 0.4953125
1 0.7984375 0.471875 0.921875 0.471875 0.921875 0.5484375 0.7984375 0.5484375
1 0.6359375 0.5546875 0.715625 0.5546875 0.715625 0.6765625 0.6359375 0.6765625
1 0.7296875 0.634375 0.834375 0.634375 0.834375 0.7296875 0.7296875 0.7296875
1 0.5828125 0.5421875 0.63125 0.5421875 0.63125 0.6671875 0.5828125 0.6671875
1 0.040625 0.259375 0.159375 0.259375 0.159375 0.3359375 0.040625 0.3359375
1 0.2296875 0.296875 0.284375 0.296875 0.284375 0.4296875 0.2296875 0.4296875
1 0.175 0.3859375 0.2515625 0.3859375 0.2515625 0.48125 0.175 0.48125
1 0.0515625 0.334375 0.125 0.334375 0.125 0.4421875 0.0515625 0.4421875
1 0.7046875 0.034375 0.8296875 0.034375 0.8296875 0.128125 0.7046875 0.128125
1 0.621875 0.6640625 0.6890625 0.6640625 0.6890625 0.7875 0.621875 0.7875
0 0.328125 0.665625 0.4484375 0.665625 0.4484375 0.75 0.328125 0.75
1 0 0.6625 0.1 0.6625 0.1 0.7546875 0 0.7546875
1 0.5375 0.5921875 0.59375 0.5921875 0.59375 0.7125 0.5375 0.7125