0 0.4828125 0.534375 0.559375 0.534375 0.559375 0.6953125 0.4828125 0.6953125
0 0.028125 0.26875 0.0890625 0.26875 0.0890625 0.425 0.028125 0.425
0 0.0609375 0.1796875 0.190625 0.1796875 0.190625 0.2921875 0.0609375 0.2921875
0 0.14375 0.34375 0.246875 0.34375 0.246875 0.4703125 0.14375 0.4703125
0 0.2765625 0.24375 0.378125 0.24375 0.378125 0.3703125 0.2765625 0.3703125
0 0.38125 0 0.459375 0 0.459375 0.1234375 0.38125 0.1234375
0 0.328125 0.6296875 0.4296875 0.6296875 0.4296875 0.7546875 0.328125 0.7546875
0 0.575 0.578125 0.653125 0.578125 0.653125 0.7265625 0.575 0.7265625
1 0.2109375 0.0359375 0.3078125 0.0359375 0.3078125 0.109375 0.2109375 0.109375
1 0.4359375 0.115625 0.4890625 0.115625 0.4890625 0.240625 0.4359375 0.240625
1 0.45625 0.3515625 0.5515625 0.3515625 0.5515625 0.4171875 0.45625 0.4171875
1 0.14375 0.4390625 0.190625 0.4390625 0.190625 0.5734375 0.14375 0.5734375
1 0.215625 0.621875 0.3125 0.621875 0.3125 0.715625 0.215625 0.715625
1 0.440625 0.4984375 0.4859375 0.4984375 0.4859375 0.621875 0.440625 0.621875
1 0.703125 0.6484375 0.75 0.6484375 0.75 0.7765625 0.703125 0.7765625
1 0.7828125 0.653125 0.8296875 0.653125 0.8296875 0.784375 0.7828125 0.784375
1 0.8953125 0.5546875 0.9484375 0.5546875 0.9484375 0.70625 0.8953125 0.70625
1 0.853125 0.7453125 0.9515625 0.7453125 0.9515625 0.803125 0.853125 0.803125
1 0.3359375 0.759375 0.45 0.759375 0.45 0.815625 0.3359375 0.815625
1 0.084375 0.6796875 0.1421875 0.6796875 0.1421875 0.7796875 0.084375 0.7796875
1 0.159375 0.684375 0.2203125 0.684375 0.2203125 0.7765625 0.159375 0.7765625
1 0.4046875 0.6046875 0.496875 0.6046875 0.496875 0.7 0.4046875 0.7
1 0.909375 0.6734375 1 0.6734375 1 0.74375 0.909375 0.74375