0 0.803125 0.25625 0.884375 0.25625 0.884375 0.4109375 0.803125 0.4109375
0 0.615625 0.3234375 0.6890625 0.3234375 0.6890625 0.471875 0.615625 0.471875
0 0.5203125 0.33125 0.575 0.33125 0.575 0.490625 0.5203125 0.490625
0 0.3515625 0.5953125 0.43125 0.5953125 0.43125 0.7484375 0.3515625 0.7484375
0 0.6796875 0.5671875 0.7515625 0.5671875 0.7515625 0.715625 0.6796875 0.715625
0 0.7984375 0.71875 0.91875 0.71875 0.91875 0.79375 0.7984375 0.79375
1 0.7546875 0.4984375 0.815625 0.4984375 0.815625 0.64375 0.7546875 0.64375
1 0.603125 0.2421875 0.646875 0.2421875 0.646875 0.365625 0.603125 0.365625
1 0.5484375 0.134375 0.59375 0.134375 0.59375 0.278125 0.5484375 0.278125
1 0.4625 0.18125 0.525 0.18125 0.525 0.3 0.4625 0.3
1 0.221875 0.30625 0.296875 0.30625 0.296875 0.4046875 0.221875 0.4046875
1 0.1046875 0.4265625 0.2109375 0.4265625 0.2109375 0.496875 0.1046875 0.496875
1 0.215625 0.49375 0.271875 0.49375 0.271875 0.63125 0.215625 0.63125
1 0.1140625 0.496875 0.2234375 0.496875 0.2234375 0.5875 0.1140625 0.5875
1 0.1484375 0.5765625 0.2015625 0.5765625 0.2015625 0.7 0.1484375 0.7
1 0.059375 0.6203125 0.146875 0.6203125 0.146875 0.68125 0.059375 0.68125
1 0.4046875 0.5609375 0.5 0.5609375 0.5 0.646875 0.4046875 0.646875
1 0.5546875 0.553125 0.6046875 0.553125 0.6046875 0.6875 0.5546875 0.6875
1 0.540625 0.4328125 0.590625 0.4328125 0.590625 0.559375 0.540625 0.559375
1 0.4609375 0.6375 0.5203125 0.6375 0.5203125 0.75 0.4609375 0.75
1 0.790625 0.059375 0.865625 0.059375 0.865625 0.184375 0.790625 0.184375
1 0.91875 0.2171875 1 0.2171875 1 0.2859375 0.91875 0.2859375
1 0.2859375 0.034375 0.3828125 0.034375 0.3828125 0.1046875 0.2859375 0.1046875
1 0.7796875 0.6484375 0.85625 0.6484375 0.85625 0.74375 0.7796875 0.74375
1 0.61875 0.634375 0.6734375 0.634375 0.6734375 0.7515625 0.61875 0.7515625
1 0.2078125 0.6328125 0.2953125 0.6328125 0.2953125 0.721875 0.2078125 0.721875
1 0.153125 0.090625 0.24375 0.090625 0.24375 0.196875 0.153125 0.196875