0 0.4265625 0.634375 0.5453125 0.634375 0.5453125 0.746875 0.4265625 0.746875
1 0.45625 0.3609375 0.5578125 0.3609375 0.5578125 0.4671875 0.45625 0.4671875
1 0.4953125 0.090625 0.5453125 0.090625 0.5453125 0.2265625 0.4953125 0.2265625
1 0.1921875 0.178125 0.3046875 0.178125 0.3046875 0.253125 0.1921875 0.253125
1 0.246875 0.3796875 0.321875 0.3796875 0.321875 0.503125 0.246875 0.503125
1 0.7875 0.371875 0.89375 0.371875 0.89375 0.475 0.7875 0.475
1 0.890625 0.2640625 0.95 0.2640625 0.95 0.4171875 0.890625 0.4171875
1 0.6484375 0.496875 0.696875 0.496875 0.696875 0.625 0.6484375 0.625
1 0.6234375 0.615625 0.725 0.615625 0.725 0.7015625 0.6234375 0.7015625
1 0.5234375 0.61875 0.590625 0.61875 0.590625 0.7484375 0.5234375 0.7484375
1 0.2921875 0.6515625 0.3546875 0.6515625 0.3546875 0.7734375 0.2921875 0.7734375
1 0.18125 0.7375 0.2765625 0.7375 0.2765625 0.815625 0.18125 0.815625
1 0.0796875 0.7453125 0.1703125 0.7453125 0.1703125 0.81875 0.0796875 0.81875
1 0.0953125 0.68125 0.1890625 0.68125 0.1890625 0.746875 0.0953125 0.746875
1 0.1234375 0.565625 0.18125 0.565625 0.18125 0.690625 0.1234375 0.690625
1 0.890625 0.59375 0.9734375 0.59375 0.9734375 0.69375 0.890625 0.69375
1 0.575 0.4109375 0.6421875 0.4109375 0.6421875 0.53125 0.575 0.53125
1 0.6421875 0.3984375 0.7125 0.3984375 0.7125 0.5125 0.6421875 0.5125
1 0.5765625 0.5828125 0.61875 0.5828125 0.61875 0.70625 0.5765625 0.70625
1 0.41875 0.7109375 0.46875 0.7109375 0.46875 0.8140625 0.41875 0.8140625