1 0.4578125 0.078125 0.5296875 0.078125 0.5296875 0.23125 0.4578125 0.23125
1 0.34375 0.3078125 0.44375 0.3078125 0.44375 0.39375 0.34375 0.39375
1 0.121875 0.3171875 0.1984375 0.3171875 0.1984375 0.4421875 0.121875 0.4421875
1 0.440625 0.5484375 0.5390625 0.5484375 0.5390625 0.6703125 0.440625 0.6703125
1 0.65 0.6125 0.7578125 0.6125 0.7578125 0.69375 0.65 0.69375
1 0.8 0.6078125 0.8921875 0.6078125 0.8921875 0.6984375 0.8 0.6984375
1 0.5453125 0.721875 0.659375 0.721875 0.659375 0.8296875 0.5453125 0.8296875
1 0.4 0.6265625 0.4671875 0.6265625 0.4671875 0.7375 0.4 0.7375
1 0.3421875 0.540625 0.4390625 0.540625 0.4390625 0.665625 0.3421875 0.665625
1 0.215625 0.459375 0.278125 0.459375 0.278125 0.6296875 0.215625 0.6296875
1 0.146875 0.5546875 0.2375 0.5546875 0.2375 0.678125 0.146875 0.678125
1 0.0359375 0.5953125 0.13125 0.5953125 0.13125 0.6984375 0.0359375 0.6984375
1 0.2484375 0.65625 0.3265625 0.65625 0.3265625 0.7703125 0.2484375 0.7703125
1 0.5015625 0.6796875 0.5609375 0.6796875 0.5609375 0.80625 0.5015625 0.80625
1 0.3078125 0.60625 0.3859375 0.60625 0.3859375 0.7375 0.3078125 0.7375
1 0.1296875 0.8015625 0.2609375 0.8015625 0.2609375 0.86875 0.1296875 0.86875
1 0.403125 0.7421875 0.5078125 0.7421875 0.5078125 0.8421875 0.403125 0.8421875
1 0.7 0.7375 0.80625 0.7375 0.80625 0.8046875 0.7 0.8046875
1 0.89375 0.7484375 1 0.7484375 1 0.8140625 0.89375 0.8140625
0 0.1171875 0.671875 0.21875 0.671875 0.21875 0.8015625 0.1171875 0.8015625
1 0.771875 0.68125 0.8328125 0.68125 0.8328125 0.7921875 0.771875 0.7921875
1 0.83125 0.6578125 0.9109375 0.6578125 0.9109375 0.7578125 0.83125 0.7578125