0 0.41875 0.025 0.5375 0.025 0.5375 0.1421875 0.41875 0.1421875
0 0.146875 0 0.20625 0 0.20625 0.1546875 0.146875 0.1546875
0 0.1625 0.26875 0.2734375 0.26875 0.2734375 0.41875 0.1625 0.41875
0 0.0734375 0.565625 0.1671875 0.565625 0.1671875 0.7265625 0.0734375 0.7265625
0 0.803125 0.6296875 0.9171875 0.6296875 0.9171875 0.7515625 0.803125 0.7515625
0 0.65625 0.6515625 0.7546875 0.6515625 0.7546875 0.765625 0.65625 0.765625
1 0.1640625 0.4796875 0.221875 0.4796875 0.221875 0.6234375 0.1640625 0.6234375
1 0.028125 0.1765625 0.096875 0.1765625 0.096875 0.2859375 0.028125 0.2859375
1 0.4109375 0.275 0.459375 0.275 0.459375 0.4109375 0.4109375 0.4109375
1 0.490625 0.34375 0.5859375 0.34375 0.5859375 0.41875 0.490625 0.41875
1 0.428125 0.521875 0.4828125 0.521875 0.4828125 0.659375 0.428125 0.659375
1 0.4859375 0.46875 0.578125 0.46875 0.578125 0.55 0.4859375 0.55
1 0.5703125 0.5515625 0.65 0.5515625 0.65 0.6546875 0.5703125 0.6546875
1 0.5296875 0.6078125 0.5953125 0.6078125 0.5953125 0.7328125 0.5296875 0.7328125
1 0.725 0.478125 0.8171875 0.478125 0.8171875 0.5671875 0.725 0.5671875
1 0.9078125 0.3765625 0.9703125 0.3765625 0.9703125 0.5046875 0.9078125 0.5046875
1 0.6578125 0.29375 0.7640625 0.29375 0.7640625 0.375 0.6578125 0.375
1 0.6390625 0.053125 0.6890625 0.053125 0.6890625 0.1734375 0.6390625 0.1734375
1 0.5984375 0 0.6875 0 0.6875 0.059375 0.5984375 0.059375
1 0.015625 0.5015625 0.1125 0.5015625 0.1125 0.56875 0.015625 0.56875
1 0 0.5875 0.053125 0.5875 0.053125 0.7140625 0 0.7140625
1 0.0546875 0.640625 0.1109375 0.640625 0.1109375 0.759375 0.0546875 0.759375
1 0.3609375 0.6703125 0.45625 0.6703125 0.45625 0.75625 0.3609375 0.75625
1 0.55625 0.6828125 0.6453125 0.6828125 0.6453125 0.7765625 0.55625 0.7765625
1 0.8265625 0.534375 0.934375 0.534375 0.934375 0.6109375 0.8265625 0.6109375
1 0.8265625 0.5890625 0.915625 0.5890625 0.915625 0.678125 0.8265625 0.678125
1 0.2234375 0.7625 0.3296875 0.7625 0.3296875 0.8203125 0.2234375 0.8203125