0 0.7546875 0.23125 0.8359375 0.23125 0.8359375 0.3984375 0.7546875 0.3984375
0 0.7203125 0.4953125 0.8296875 0.4953125 0.8296875 0.63125 0.7203125 0.63125
0 0.446875 0.690625 0.521875 0.690625 0.521875 0.825 0.446875 0.825
1 0.84375 0.0859375 0.9359375 0.0859375 0.9359375 0.1734375 0.84375 0.1734375
1 0.8765625 0.1625 0.9859375 0.1625 0.9859375 0.2390625 0.8765625 0.2390625
1 0.9296875 0.2515625 0.9921875 0.2515625 0.9921875 0.3828125 0.9296875 0.3828125
1 0.515625 0.40625 0.6296875 0.40625 0.6296875 0.490625 0.515625 0.490625
1 0.0484375 0.365625 0.1625 0.365625 0.1625 0.4484375 0.0484375 0.4484375
1 0.025 0.259375 0.121875 0.259375 0.121875 0.3578125 0.025 0.3578125
1 0.1546875 0.5921875 0.2265625 0.5921875 0.2265625 0.7359375 0.1546875 0.7359375
1 0.075 0.565625 0.1390625 0.565625 0.1390625 0.7 0.075 0.7
1 0.4265625 0.565625 0.5 0.565625 0.5 0.6859375 0.4265625 0.6859375
1 0.378125 0.5953125 0.434375 0.5953125 0.434375 0.7375 0.378125 0.7375
1 0.2796875 0.5734375 0.3890625 0.5734375 0.3890625 0.66875 0.2796875 0.66875
1 0.2765625 0.64375 0.3625 0.64375 0.3625 0.75 0.2765625 0.75
1 0.6734375 0.2578125 0.78125 0.2578125 0.78125 0.3453125 0.6734375 0.3453125
1 0.85625 0.4921875 0.9421875 0.4921875 0.9421875 0.58125 0.85625 0.58125
1 0.8453125 0.6015625 0.940625 0.6015625 0.940625 0.6984375 0.8453125 0.6984375
1 0.65625 0.646875 0.7609375 0.646875 0.7609375 0.7171875 0.65625 0.7171875
0 0.553125 0.659375 0.640625 0.659375 0.640625 0.771875 0.553125 0.771875