0 0.0203125 0.18125 0.0875 0.18125 0.0875 0.3453125 0.0203125 0.3453125
0 0.609375 0.4453125 0.68125 0.4453125 0.68125 0.6078125 0.609375 0.6078125
0 0.1046875 0.31875 0.228125 0.31875 0.228125 0.4203125 0.1046875 0.4203125
0 0.09375 0.434375 0.2203125 0.434375 0.2203125 0.515625 0.09375 0.515625
0 0.809375 0.6296875 0.9359375 0.6296875 0.9359375 0.715625 0.809375 0.715625
0 0.95625 0.3171875 1 0.3171875 1 0.4921875 0.95625 0.4921875
1 0.334375 0.4046875 0.434375 0.4046875 0.434375 0.4828125 0.334375 0.4828125
1 0.3171875 0.4921875 0.428125 0.4921875 0.428125 0.5796875 0.3171875 0.5796875
1 0.484375 0.625 0.5921875 0.625 0.5921875 0.696875 0.484375 0.696875
1 0.70625 0.4734375 0.7578125 0.4734375 0.7578125 0.61875 0.70625 0.61875
1 0.7203125 0.371875 0.825 0.371875 0.825 0.4421875 0.7203125 0.4421875
1 0.875 0.4546875 0.9703125 0.4546875 0.9703125 0.565625 0.875 0.565625
1 0.8125 0.55 0.9296875 0.55 0.9296875 0.6203125 0.8125 0.6203125
1 0.59375 0.6578125 0.6953125 0.6578125 0.6953125 0.7234375 0.59375 0.7234375
1 0.384375 0.1734375 0.4765625 0.1734375 0.4765625 0.278125 0.384375 0.278125
1 0.2625 0.190625 0.3421875 0.190625 0.3421875 0.3 0.2625 0.3
1 0.015625 0.5640625 0.0875 0.5640625 0.0875 0.690625 0.015625 0.690625
1 0.4875 0.4984375 0.578125 0.4984375 0.578125 0.5875 0.4875 0.5875
1 0.6953125 0.60625 0.7953125 0.60625 0.7953125 0.6953125 0.6953125 0.6953125
1 0.134375 0.5328125 0.2453125 0.5328125 0.2453125 0.621875 0.134375 0.621875
1 0.1421875 0.15625 0.2140625 0.15625 0.2140625 0.2765625 0.1421875 0.2765625