0 0.525 0.53125 0.6234375 0.53125 0.6234375 0.6703125 0.525 0.6703125
0 0.4453125 0.7234375 0.5703125 0.7234375 0.5703125 0.8171875 0.4453125 0.8171875
0 0.00625 0.5484375 0.115625 0.5484375 0.115625 0.6671875 0.00625 0.6671875
0 0.40625 0.3421875 0.459375 0.3421875 0.459375 0.5015625 0.40625 0.5015625
1 0.084375 0.321875 0.19375 0.321875 0.19375 0.409375 0.084375 0.409375
1 0.203125 0.209375 0.253125 0.209375 0.253125 0.340625 0.203125 0.340625
1 0.2171875 0.346875 0.3203125 0.346875 0.3203125 0.40625 0.2171875 0.40625
1 0.275 0.371875 0.3515625 0.371875 0.3515625 0.4796875 0.275 0.4796875
1 0.21875 0.4671875 0.2890625 0.4671875 0.2890625 0.5796875 0.21875 0.5796875
1 0.334375 0.4234375 0.3796875 0.4234375 0.3796875 0.5578125 0.334375 0.5578125
1 0.3390625 0.546875 0.421875 0.546875 0.421875 0.66875 0.3390625 0.66875
1 0.4625 0.378125 0.5671875 0.378125 0.5671875 0.4734375 0.4625 0.4734375
1 0.5671875 0.034375 0.6265625 0.034375 0.6265625 0.165625 0.5671875 0.165625
1 0.7171875 0.15625 0.771875 0.15625 0.771875 0.2921875 0.7171875 0.2921875
1 0.65625 0.2703125 0.7265625 0.2703125 0.7265625 0.39375 0.65625 0.39375
1 0.765625 0.3375 0.85625 0.3375 0.85625 0.4359375 0.765625 0.4359375
1 0.8171875 0.41875 0.9328125 0.41875 0.9328125 0.4828125 0.8171875 0.4828125
1 0.84375 0.290625 0.9328125 0.290625 0.9328125 0.415625 0.84375 0.415625
1 0.925 0.3625 0.9859375 0.3625 0.9859375 0.4984375 0.925 0.4984375
1 0.871875 0.5453125 0.9265625 0.5453125 0.9265625 0.6734375 0.871875 0.6734375
1 0.66875 0.53125 0.7421875 0.53125 0.7421875 0.6640625 0.66875 0.6640625
1 0.821875 0.6484375 0.8765625 0.6484375 0.8765625 0.7875 0.821875 0.7875
1 0.03125 0.659375 0.0828125 0.659375 0.0828125 0.7765625 0.03125 0.7765625
1 0.459375 0.521875 0.5375 0.521875 0.5375 0.628125 0.459375 0.628125
1 0.8265625 0.7796875 0.9453125 0.7796875 0.9453125 0.8515625 0.8265625 0.8515625