0 0.5015625 0.25625 0.60625 0.25625 0.60625 0.415625 0.5015625 0.415625
0 0.4484375 0.121875 0.55625 0.121875 0.55625 0.2703125 0.4484375 0.2703125
1 0.2375 0.30625 0.3546875 0.30625 0.3546875 0.396875 0.2375 0.396875
1 0.175 0.1515625 0.2890625 0.1515625 0.2890625 0.3171875 0.175 0.3171875
1 0.73125 0.4109375 0.8171875 0.4109375 0.8171875 0.553125 0.73125 0.553125
1 0.7859375 0.6359375 0.9015625 0.6359375 0.9015625 0.7375 0.7859375 0.7375
1 0.825 0.53125 0.946875 0.53125 0.946875 0.63125 0.825 0.63125
1 0.6546875 0.5921875 0.7328125 0.5921875 0.7328125 0.746875 0.6546875 0.746875
1 0.5984375 0.2296875 0.6921875 0.2296875 0.6921875 0.3453125 0.5984375 0.3453125
1 0.43125 0.2359375 0.51875 0.2359375 0.51875 0.390625 0.43125 0.390625
1 0.384375 0.3796875 0.4703125 0.3796875 0.4703125 0.48125 0.384375 0.48125
1 0.3625 0.2671875 0.440625 0.2671875 0.440625 0.3859375 0.3625 0.3859375
1 0.303125 0.4453125 0.4125 0.4453125 0.4125 0.5640625 0.303125 0.5640625
1 0.4015625 0.559375 0.5 0.559375 0.5 0.675 0.4015625 0.675
1 0.2640625 0.553125 0.378125 0.553125 0.378125 0.6328125 0.2640625 0.6328125
1 0.1484375 0.4625 0.2609375 0.4625 0.2609375 0.5671875 0.1484375 0.5671875
1 0.5203125 0.6703125 0.59375 0.6703125 0.59375 0.78125 0.5203125 0.78125
1 0.09375 0.55 0.1953125 0.55 0.1953125 0.6671875 0.09375 0.6671875
1 0.1671875 0.571875 0.26875 0.571875 0.26875 0.66875 0.1671875 0.66875
1 0.040625 0.590625 0.1 0.590625 0.1 0.7265625 0.040625 0.7265625
1 0.0703125 0.8140625 0.1828125 0.8140625 0.1828125 0.9421875 0.0703125 0.9421875
1 0.2515625 0.803125 0.3890625 0.803125 0.3890625 0.9375 0.2515625 0.9375
0 0.3515625 0.659375 0.4390625 0.659375 0.4390625 0.8046875 0.3515625 0.8046875
1 0.409375 0.6796875 0.521875 0.6796875 0.521875 0.7828125 0.409375 0.7828125
1 0.09375 0.6390625 0.20625 0.6390625 0.20625 0.721875 0.09375 0.721875
1 0.1296875 0.7265625 0.2390625 0.7265625 0.2390625 0.828125 0.1296875 0.828125
0 0.2390625 0.6375 0.321875 0.6375 0.321875 0.76875 0.2390625 0.76875
1 0.8640625 0.7390625 0.9484375 0.7390625 0.9484375 0.815625 0.8640625 0.815625