0 0.5359375 0.278125 0.6015625 0.278125 0.6015625 0.471875 0.5359375 0.471875
0 0.7515625 0.6328125 0.8734375 0.6328125 0.8734375 0.740625 0.7515625 0.740625
0 0.309375 0.6734375 0.3828125 0.6734375 0.3828125 0.8296875 0.309375 0.8296875
1 0.3625 0.3234375 0.43125 0.3234375 0.43125 0.4484375 0.3625 0.4484375
1 0.2453125 0.3609375 0.34375 0.3609375 0.34375 0.4171875 0.2453125 0.4171875
1 0.1421875 0.5046875 0.221875 0.5046875 0.221875 0.6296875 0.1421875 0.6296875
1 0.0390625 0.615625 0.0890625 0.615625 0.0890625 0.778125 0.0390625 0.778125
1 0.1015625 0.628125 0.190625 0.628125 0.190625 0.721875 0.1015625 0.721875
1 0.296875 0.60625 0.390625 0.60625 0.390625 0.6875 0.296875 0.6875
1 0.421875 0.48125 0.4953125 0.48125 0.4953125 0.6015625 0.421875 0.6015625
1 0.4703125 0.3953125 0.5203125 0.3953125 0.5203125 0.5328125 0.4703125 0.5328125
1 0.3328125 0.40625 0.384375 0.40625 0.384375 0.5421875 0.3328125 0.5421875
1 0.1625 0.3484375 0.25625 0.3484375 0.25625 0.478125 0.1625 0.478125
1 0.7515625 0.159375 0.85 0.159375 0.85 0.25625 0.7515625 0.25625
1 0.746875 0.0578125 0.8546875 0.0578125 0.8546875 0.1359375 0.746875 0.1359375
1 0.8578125 0.2625 0.9390625 0.2625 0.9390625 0.4 0.8578125 0.4
1 0.753125 0.54375 0.8296875 0.54375 0.8296875 0.659375 0.753125 0.659375
1 0.915625 0.6703125 0.9859375 0.6703125 0.9859375 0.7828125 0.915625 0.7828125
1 0.4671875 0.5859375 0.559375 0.5859375 0.559375 0.653125 0.4671875 0.653125
1 0.565625 0.5578125 0.628125 0.5578125 0.628125 0.690625 0.565625 0.690625
1 0.621875 0.6078125 0.6734375 0.6078125 0.6734375 0.7421875 0.621875 0.7421875
1 0.415625 0.65 0.4609375 0.65 0.4609375 0.7640625 0.415625 0.7640625