0 0.746875 0.5875 0.840625 0.5875 0.840625 0.715625 0.746875 0.715625
0 0.8203125 0.365625 0.9140625 0.365625 0.9140625 0.503125 0.8203125 0.503125
0 0.7359375 0.2734375 0.8390625 0.2734375 0.8390625 0.4171875 0.7359375 0.4171875
0 0.234375 0.3234375 0.3546875 0.3234375 0.3546875 0.496875 0.234375 0.496875
0 0.128125 0.665625 0.259375 0.665625 0.259375 0.765625 0.128125 0.765625
0 0.3984375 0.5328125 0.4859375 0.5328125 0.4859375 0.6640625 0.3984375 0.6640625
1 0.7453125 0.4546875 0.7921875 0.4546875 0.7921875 0.5984375 0.7453125 0.5984375
1 0.6796875 0.20625 0.7265625 0.20625 0.7265625 0.365625 0.6796875 0.365625
1 0.5203125 0.14375 0.6296875 0.14375 0.6296875 0.215625 0.5203125 0.215625
1 0.6125 0.1703125 0.6890625 0.1703125 0.6890625 0.3140625 0.6125 0.3140625
1 0.2875 0.03125 0.3734375 0.03125 0.3734375 0.14375 0.2875 0.14375
1 0.0140625 0.146875 0.09375 0.146875 0.09375 0.2546875 0.0140625 0.2546875
1 0.1765625 0.403125 0.2421875 0.403125 0.2421875 0.5359375 0.1765625 0.5359375
1 0.14375 0.4890625 0.196875 0.4890625 0.196875 0.6171875 0.14375 0.6171875
1 0.0484375 0.4625 0.128125 0.4625 0.128125 0.553125 0.0484375 0.553125
1 0.2296875 0.5640625 0.3359375 0.5640625 0.3359375 0.63125 0.2296875 0.63125
1 0.603125 0.5859375 0.6421875 0.5859375 0.6421875 0.728125 0.603125 0.728125
1 0.675 0.534375 0.728125 0.534375 0.728125 0.6703125 0.675 0.6703125
1 0.8390625 0.5875 0.9359375 0.5875 0.9359375 0.6609375 0.8390625 0.6609375
1 0.4875 0.625 0.5765625 0.625 0.5765625 0.709375 0.4875 0.709375
1 0.4515625 0.634375 0.4984375 0.634375 0.4984375 0.7671875 0.4515625 0.7671875
1 0.015625 0.5921875 0.06875 0.5921875 0.06875 0.7328125 0.015625 0.7328125
1 0.2953125 0.6921875 0.3984375 0.6921875 0.3984375 0.7640625 0.2953125 0.7640625
1 0.55625 0.865625 0.690625 0.865625 0.690625 0.9359375 0.55625 0.9359375
1 0.6265625 0.771875 0.721875 0.771875 0.721875 0.825 0.6265625 0.825