0 0.303125 0.64375 0.3546875 0.64375 0.3546875 0.815625 0.303125 0.815625
0 0.6359375 0.0796875 0.70625 0.0796875 0.70625 0.24375 0.6359375 0.24375
1 0.5015625 0.128125 0.5953125 0.128125 0.5953125 0.21875 0.5015625 0.21875
1 0.375 0.1359375 0.465625 0.1359375 0.465625 0.234375 0.375 0.234375
1 0.0515625 0.3 0.121875 0.3 0.121875 0.4171875 0.0515625 0.4171875
1 0.0578125 0.4234375 0.1515625 0.4234375 0.1515625 0.5140625 0.0578125 0.5140625
1 0.775 0.321875 0.85 0.321875 0.85 0.4484375 0.775 0.4484375
1 0.809375 0.421875 0.890625 0.421875 0.890625 0.5453125 0.809375 0.5453125
1 0.5546875 0.4625 0.609375 0.4625 0.609375 0.603125 0.5546875 0.603125
1 0.71875 0.6125 0.8046875 0.6125 0.8046875 0.6953125 0.71875 0.6953125
1 0.6234375 0.41875 0.6828125 0.41875 0.6828125 0.5515625 0.6234375 0.5515625
1 0.8984375 0.2578125 1 0.2578125 1 0.33125 0.8984375 0.33125
1 0.9171875 0.0984375 0.990625 0.0984375 0.990625 0.225 0.9171875 0.225
1 0.3546875 0.6125 0.403125 0.6125 0.403125 0.7484375 0.3546875 0.7484375
1 0.1265625 0.54375 0.1828125 0.54375 0.1828125 0.690625 0.1265625 0.690625
1 0.0015625 0.5296875 0.103125 0.5296875 0.103125 0.5953125 0.0015625 0.5953125
1 0.04375 0.5953125 0.121875 0.5953125 0.121875 0.709375 0.04375 0.709375
1 0.1734375 0.621875 0.2671875 0.621875 0.2671875 0.7234375 0.1734375 0.7234375
1 0.91875 0.44375 1 0.44375 1 0.5109375 0.91875 0.5109375
1 0.8796875 0.54375 0.959375 0.54375 0.959375 0.6515625 0.8796875 0.6515625