0 0.075 0.5984375 0.190625 0.5984375 0.190625 0.7125 0.075 0.7125
0 0.0984375 0.7234375 0.215625 0.7234375 0.215625 0.80625 0.0984375 0.80625
0 0.46875 0.096875 0.5515625 0.096875 0.5515625 0.271875 0.46875 0.271875
1 0.2453125 0.040625 0.35625 0.040625 0.35625 0.115625 0.2453125 0.115625
1 0.1296875 0.090625 0.203125 0.090625 0.203125 0.2265625 0.1296875 0.2265625
1 0.2828125 0.1609375 0.35625 0.1609375 0.35625 0.2828125 0.2828125 0.2828125
1 0.253125 0.234375 0.315625 0.234375 0.315625 0.3703125 0.253125 0.3703125
1 0.3453125 0.315625 0.4296875 0.315625 0.4296875 0.4515625 0.3453125 0.4515625
1 0.490625 0.265625 0.565625 0.265625 0.565625 0.3984375 0.490625 0.3984375
1 0.675 0.5421875 0.7328125 0.5421875 0.7328125 0.6921875 0.675 0.6921875
1 0.7609375 0.45 0.8109375 0.45 0.8109375 0.5953125 0.7609375 0.5953125
1 0.534375 0.615625 0.6140625 0.615625 0.6140625 0.721875 0.534375 0.721875
1 0.0953125 0.3453125 0.19375 0.3453125 0.19375 0.4171875 0.0953125 0.4171875
1 0.196875 0.321875 0.2421875 0.321875 0.2421875 0.4640625 0.196875 0.4640625
0 0 0.4140625 0.103125 0.4140625 0.103125 0.5109375 0 0.5109375
1 0.1921875 0.6234375 0.246875 0.6234375 0.246875 0.7578125 0.1921875 0.7578125
1 0.796875 0.5328125 0.875 0.5328125 0.875 0.6515625 0.796875 0.6515625
1 0.8171875 0.584375 0.91875 0.584375 0.91875 0.6953125 0.8171875 0.6953125
1 0.728125 0.634375 0.8078125 0.634375 0.8078125 0.75625 0.728125 0.75625
1 0.0015625 0.09375 0.05625 0.09375 0.05625 0.2125 0.0015625 0.2125
0 0.915625 0.6234375 1 0.6234375 1 0.7125 0.915625 0.7125