0 0.6921875 0.3515625 0.78125 0.3515625 0.78125 0.5078125 0.6921875 0.5078125
0 0.7765625 0.5734375 0.9171875 0.5734375 0.9171875 0.659375 0.7765625 0.659375
1 0.853125 0.3328125 0.90625 0.3328125 0.90625 0.484375 0.853125 0.484375
1 0.74375 0.2140625 0.809375 0.2140625 0.809375 0.346875 0.74375 0.346875
1 0.6828125 0.1 0.75 0.1 0.75 0.2515625 0.6828125 0.2515625
1 0.7390625 0.003125 0.8375 0.003125 0.8375 0.1 0.7390625 0.1
1 0.4078125 0.35 0.4609375 0.35 0.4609375 0.49375 0.4078125 0.49375
1 0.575 0.5375 0.6765625 0.5375 0.6765625 0.6375 0.575 0.6375
1 0.640625 0.6 0.7046875 0.6 0.7046875 0.7515625 0.640625 0.7515625
0 0.2515625 0.1828125 0.340625 0.1828125 0.340625 0.353125 0.2515625 0.353125
0 0.109375 0.2328125 0.2265625 0.2328125 0.2265625 0.36875 0.109375 0.36875
1 0.21875 0.3015625 0.3078125 0.3015625 0.3078125 0.4078125 0.21875 0.4078125
1 0.2515625 0.565625 0.35 0.565625 0.35 0.6828125 0.2515625 0.6828125
1 0.128125 0.4953125 0.20625 0.4953125 0.20625 0.6078125 0.128125 0.6078125
1 0.178125 0.6140625 0.2609375 0.6140625 0.2609375 0.7390625 0.178125 0.7390625
1 0.059375 0.63125 0.159375 0.63125 0.159375 0.71875 0.059375 0.71875
0 0.071875 0.6984375 0.2 0.6984375 0.2 0.81875 0.071875 0.81875
0 0.1796875 0.3421875 0.246875 0.3421875 0.246875 0.490625 0.1796875 0.490625
1 0.565625 0.6390625 0.64375 0.6390625 0.64375 0.759375 0.565625 0.759375
1 0.65 0.7984375 0.73125 0.7984375 0.73125 0.915625 0.65 0.915625
1 0.74375 0.7390625 0.8296875 0.7390625 0.8296875 0.8625 0.74375 0.8625
0 0.7421875 0.6703125 0.875 0.6703125 0.875 0.7421875 0.7421875 0.7421875
0 0.3359375 0.6765625 0.421875 0.6765625 0.421875 0.775 0.3359375 0.775
1 0.153125 0.7375 0.309375 0.7375 0.309375 0.8390625 0.153125 0.8390625
1 0.4734375 0.665625 0.5546875 0.665625 0.5546875 0.76875 0.4734375 0.76875
1 0.7046875 0.91875 0.90625 0.91875 0.90625 1 0.7046875 1
1 0.4625 0.75 0.5765625 0.75 0.5765625 0.83125 0.4625 0.83125