0 0.221875 0.034375 0.3171875 0.034375 0.3171875 0.18125 0.221875 0.18125
0 0.290625 0.240625 0.4078125 0.240625 0.4078125 0.3578125 0.290625 0.3578125
0 0.225 0.4953125 0.340625 0.4953125 0.340625 0.628125 0.225 0.628125
0 0.3859375 0.3828125 0.4609375 0.3828125 0.4609375 0.54375 0.3859375 0.54375
0 0.121875 0.64375 0.18125 0.64375 0.18125 0.8046875 0.121875 0.8046875
1 0.028125 0.0734375 0.078125 0.0734375 0.078125 0.215625 0.028125 0.215625
1 0.078125 0.015625 0.1640625 0.015625 0.1640625 0.0921875 0.078125 0.0921875
1 0.5015625 0.15625 0.546875 0.15625 0.546875 0.3015625 0.5015625 0.3015625
1 0.8078125 0.0734375 0.890625 0.0734375 0.890625 0.1875 0.8078125 0.1875
1 0.821875 0.240625 0.890625 0.240625 0.890625 0.3625 0.821875 0.3625
1 0.8546875 0.3953125 0.9265625 0.3953125 0.9265625 0.515625 0.8546875 0.515625
1 0.778125 0.55625 0.8703125 0.55625 0.8703125 0.6765625 0.778125 0.6765625
1 0.8640625 0.5421875 0.9171875 0.5421875 0.9171875 0.6734375 0.8640625 0.6734375
1 0.9421875 0.425 1 0.425 1 0.5484375 0.9421875 0.5484375
1 0.503125 0.5171875 0.5734375 0.5171875 0.5734375 0.640625 0.503125 0.640625
0 0.4328125 0.6 0.50625 0.6 0.50625 0.7484375 0.4328125 0.7484375
1 0.2015625 0.5734375 0.2953125 0.5734375 0.2953125 0.6671875 0.2015625 0.6671875
1 0.034375 0.4734375 0.0984375 0.4734375 0.0984375 0.6234375 0.034375 0.6234375
1 0.328125 0.5078125 0.41875 0.5078125 0.41875 0.6046875 0.328125 0.6046875
1 0.278125 0.3375 0.353125 0.3375 0.353125 0.45 0.278125 0.45
1 0.221875 0.365625 0.296875 0.365625 0.296875 0.4796875 0.221875 0.4796875
1 0.3703125 0.6609375 0.4515625 0.6609375 0.4515625 0.75625 0.3703125 0.75625
1 0.5609375 0.3453125 0.6453125 0.3453125 0.6453125 0.515625 0.5609375 0.515625
1 0.6171875 0.38125 0.671875 0.38125 0.671875 0.4984375 0.6171875 0.4984375
1 0.1796875 0 0.2625 0 0.2625 0.0921875 0.1796875 0.0921875
1 0.028125 0.709375 0.1203125 0.709375 0.1203125 0.790625 0.028125 0.790625
1 0.9 0.6421875 1 0.6421875 1 0.7171875 0.9 0.7171875