0 0.0765625 0.46875 0.1828125 0.46875 0.1828125 0.596875 0.0765625 0.596875
0 0.2984375 0.48125 0.3703125 0.48125 0.3703125 0.6421875 0.2984375 0.6421875
0 0.54375 0.50625 0.6328125 0.50625 0.6328125 0.6640625 0.54375 0.6640625
0 0.49375 0.0640625 0.553125 0.0640625 0.553125 0.2234375 0.49375 0.2234375
0 0 0.20625 0.0828125 0.20625 0.0828125 0.328125 0 0.328125
1 0.215625 0.4109375 0.2734375 0.4109375 0.2734375 0.5515625 0.215625 0.5515625
1 0.3640625 0.4171875 0.421875 0.4171875 0.421875 0.56875 0.3640625 0.56875
1 0.45 0.409375 0.5359375 0.409375 0.5359375 0.5109375 0.45 0.5109375
1 0.4234375 0.540625 0.5125 0.540625 0.5125 0.6484375 0.4234375 0.6484375
1 0.6546875 0.5046875 0.7640625 0.5046875 0.7640625 0.5828125 0.6546875 0.5828125
1 0.7375 0.5859375 0.821875 0.5859375 0.821875 0.69375 0.7375 0.69375
1 0.828125 0.5 0.928125 0.5 0.928125 0.596875 0.828125 0.596875
1 0.784375 0.13125 0.8890625 0.13125 0.8890625 0.265625 0.784375 0.265625
1 0.4859375 0.009375 0.590625 0.009375 0.590625 0.0703125 0.4859375 0.0703125
1 0.18125 0.584375 0.2734375 0.584375 0.2734375 0.6515625 0.18125 0.6515625
1 0.140625 0.6609375 0.2375 0.6609375 0.2375 0.7390625 0.140625 0.7390625
1 0.26875 0.5625 0.3140625 0.5625 0.3140625 0.7171875 0.26875 0.7171875