0 0.165625 0.23125 0.246875 0.23125 0.246875 0.3984375 0.165625 0.3984375
0 0.1703125 0.4953125 0.2796875 0.4953125 0.2796875 0.63125 0.1703125 0.63125
0 0.478125 0.690625 0.553125 0.690625 0.553125 0.825 0.478125 0.825
1 0.0640625 0.0859375 0.15625 0.0859375 0.15625 0.1734375 0.0640625 0.1734375
1 0.0140625 0.1625 0.1234375 0.1625 0.1234375 0.2390625 0.0140625 0.2390625
1 0.0078125 0.2515625 0.0703125 0.2515625 0.0703125 0.3828125 0.0078125 0.3828125
1 0.3703125 0.40625 0.484375 0.40625 0.484375 0.490625 0.3703125 0.490625
1 0.8375 0.365625 0.9515625 0.365625 0.9515625 0.4484375 0.8375 0.4484375
1 0.8796875 0.259375 0.9765625 0.259375 0.9765625 0.3578125 0.8796875 0.3578125
1 0.7734375 0.5921875 0.8453125 0.5921875 0.8453125 0.7359375 0.7734375 0.7359375
1 0.8609375 0.565625 0.925 0.565625 0.925 0.7 0.8609375 0.7
1 0.5 0.565625 0.5734375 0.565625 0.5734375 0.6859375 0.5 0.6859375
1 0.565625 0.5953125 0.621875 0.5953125 0.621875 0.7375 0.565625 0.7375
1 0.6109375 0.5734375 0.7203125 0.5734375 0.7203125 0.66875 0.6109375 0.66875
1 0.6375 0.64375 0.7234375 0.64375 0.7234375 0.75 0.6375 0.75
1 0.21875 0.2578125 0.3265625 0.2578125 0.3265625 0.3453125 0.21875 0.3453125
1 0.0578125 0.4921875 0.14375 0.4921875 0.14375 0.58125 0.0578125 0.58125
1 0.059375 0.6015625 0.1546875 0.6015625 0.1546875 0.6984375 0.059375 0.6984375
1 0.2390625 0.646875 0.34375 0.646875 0.34375 0.7171875 0.2390625 0.7171875
0 0.359375 0.659375 0.446875 0.659375 0.446875 0.771875 0.359375 0.771875