0 0.10625 0.1296875 0.171875 0.1296875 0.171875 0.2921875 0.10625 0.2921875
0 0.3203125 0.2171875 0.4140625 0.2171875 0.4140625 0.36875 0.3203125 0.36875
0 0.3140625 0.13125 0.409375 0.13125 0.409375 0.2484375 0.3140625 0.2484375
0 0.4546875 0.3296875 0.5546875 0.3296875 0.5546875 0.5171875 0.4546875 0.5171875
0 0.228125 0.3890625 0.3 0.3890625 0.3 0.55625 0.228125 0.55625
0 0.2390625 0.634375 0.3171875 0.634375 0.3171875 0.746875 0.2390625 0.746875
0 0.378125 0.69375 0.50625 0.69375 0.50625 0.7703125 0.378125 0.7703125
1 0.140625 0.5578125 0.1984375 0.5578125 0.1984375 0.684375 0.140625 0.684375
1 0.10625 0.64375 0.153125 0.64375 0.153125 0.7734375 0.10625 0.7734375
1 0.021875 0.646875 0.115625 0.646875 0.115625 0.7421875 0.021875 0.7421875
1 0 0.578125 0.05 0.578125 0.05 0.7171875 0 0.7171875
1 0.453125 0.5453125 0.5265625 0.5453125 0.5265625 0.675 0.453125 0.675
1 0.29375 0.565625 0.409375 0.565625 0.409375 0.63125 0.29375 0.63125
1 0.578125 0.403125 0.6359375 0.403125 0.6359375 0.540625 0.578125 0.540625
1 0.7453125 0.3984375 0.821875 0.3984375 0.821875 0.50625 0.7453125 0.50625
1 0.8078125 0.4359375 0.8921875 0.4359375 0.8921875 0.534375 0.8078125 0.534375
1 0.675 0.54375 0.7703125 0.54375 0.7703125 0.63125 0.675 0.63125
1 0.7390625 0.5890625 0.7875 0.5890625 0.7875 0.740625 0.7390625 0.740625
1 0.890625 0.7265625 0.98125 0.7265625 0.98125 0.7921875 0.890625 0.7921875
1 0.1703125 0.06875 0.253125 0.06875 0.253125 0.178125 0.1703125 0.178125
1 0.090625 0 0.1390625 0 0.1390625 0.1171875 0.090625 0.1171875
1 0.4796875 0.11875 0.5828125 0.11875 0.5828125 0.19375 0.4796875 0.19375
1 0.8984375 0.053125 0.953125 0.053125 0.953125 0.184375 0.8984375 0.184375
1 0.7640625 0.678125 0.828125 0.678125 0.828125 0.803125 0.7640625 0.803125