0 0.784375 0.5296875 0.8640625 0.5296875 0.8640625 0.6953125 0.784375 0.6953125
0 0.2171875 0.259375 0.3484375 0.259375 0.3484375 0.346875 0.2171875 0.346875
0 0.878125 0.5328125 1 0.5328125 1 0.6359375 0.878125 0.6359375
0 0.20625 0.6546875 0.3046875 0.6546875 0.3046875 0.7875 0.20625 0.7875
1 0.59375 0.4046875 0.6890625 0.4046875 0.6890625 0.509375 0.59375 0.509375
1 0.725 0.421875 0.7828125 0.421875 0.7828125 0.55625 0.725 0.55625
1 0.796875 0.221875 0.8921875 0.221875 0.8921875 0.328125 0.796875 0.328125
1 0.434375 0.040625 0.5125 0.040625 0.5125 0.1640625 0.434375 0.1640625
1 0.3828125 0.1390625 0.4390625 0.1390625 0.4390625 0.2546875 0.3828125 0.2546875
1 0.021875 0.4171875 0.0734375 0.4171875 0.0734375 0.55625 0.021875 0.55625
1 0.071875 0.4796875 0.1578125 0.4796875 0.1578125 0.5734375 0.071875 0.5734375
1 0.015625 0.21875 0.109375 0.21875 0.109375 0.2796875 0.015625 0.2796875
1 0.121875 0.225 0.2265625 0.225 0.2265625 0.296875 0.121875 0.296875
1 0.234375 0.5609375 0.3109375 0.5609375 0.3109375 0.6734375 0.234375 0.6734375
1 0.5875 0.5296875 0.6359375 0.5296875 0.6359375 0.6640625 0.5875 0.6640625
1 0.6390625 0.534375 0.6953125 0.534375 0.6953125 0.6703125 0.6390625 0.6703125
1 0.675 0.578125 0.75 0.578125 0.75 0.7 0.675 0.7
1 0.04375 0.6484375 0.140625 0.6484375 0.140625 0.7234375 0.04375 0.7234375
0 0.196875 0.3984375 0.325 0.3984375 0.325 0.4875 0.196875 0.4875
0 0.153125 0.4234375 0.2796875 0.4234375 0.2796875 0.553125 0.153125 0.553125
1 0.109375 0.3203125 0.184375 0.3203125 0.184375 0.4375 0.109375 0.4375
0 0.53125 0.659375 0.5953125 0.659375 0.5953125 0.815625 0.53125 0.815625