0 0.3359375 0.3125 0.4421875 0.3125 0.4421875 0.434375 0.3359375 0.434375
0 0.7765625 0.28125 0.871875 0.28125 0.871875 0.415625 0.7765625 0.415625
0 0.1984375 0.4453125 0.3109375 0.4453125 0.3109375 0.59375 0.1984375 0.59375
0 0.4546875 0.059375 0.515625 0.059375 0.515625 0.228125 0.4546875 0.228125
1 0.6609375 0.3296875 0.771875 0.3296875 0.771875 0.3921875 0.6609375 0.3921875
1 0.89375 0.515625 0.96875 0.515625 0.96875 0.63125 0.89375 0.63125
1 0.5046875 0.415625 0.559375 0.415625 0.559375 0.5515625 0.5046875 0.5515625
1 0.4609375 0.55625 0.5578125 0.55625 0.5578125 0.6515625 0.4609375 0.6515625
1 0.4484375 0.390625 0.509375 0.390625 0.509375 0.5328125 0.4484375 0.5328125
1 0.3625 0.4078125 0.4453125 0.4078125 0.4453125 0.5203125 0.3625 0.5203125
1 0.2921875 0.5171875 0.3921875 0.5171875 0.3921875 0.58125 0.2921875 0.58125
1 0.2421875 0.5765625 0.3453125 0.5765625 0.3453125 0.6484375 0.2421875 0.6484375
1 0.1046875 0.60625 0.184375 0.60625 0.184375 0.7234375 0.1046875 0.7234375
1 0.096875 0.515625 0.159375 0.515625 0.159375 0.6421875 0.096875 0.6421875
1 0.0625 0.475 0.128125 0.475 0.128125 0.61875 0.0625 0.61875
1 0.2828125 0.2734375 0.3765625 0.2734375 0.3765625 0.35625 0.2828125 0.35625
1 0.05625 0.128125 0.165625 0.128125 0.165625 0.2109375 0.05625 0.2109375
1 0.003125 0.1859375 0.05625 0.1859375 0.05625 0.315625 0.003125 0.315625
1 0 0.31875 0.0640625 0.31875 0.0640625 0.4546875 0 0.4546875
1 0.496875 0 0.590625 0 0.590625 0.0734375 0.496875 0.0734375
1 0.6296875 0.5921875 0.6859375 0.5921875 0.6859375 0.73125 0.6296875 0.73125
1 0.7546875 0.55 0.821875 0.55 0.821875 0.675 0.7546875 0.675
1 0.8140625 0.5484375 0.8875 0.5484375 0.8875 0.653125 0.8140625 0.653125
1 0.35625 0.6359375 0.4421875 0.6359375 0.4421875 0.73125 0.35625 0.73125
1 0.278125 0.6375 0.3515625 0.6375 0.3515625 0.75625 0.278125 0.75625
1 0.1421875 0.3109375 0.2796875 0.3109375 0.2796875 0.4375 0.1421875 0.4375