0 0.3203125 0.48125 0.3734375 0.48125 0.3734375 0.6453125 0.3203125 0.6453125
0 0.684375 0.4484375 0.740625 0.4484375 0.740625 0.61875 0.684375 0.61875
0 0.4859375 0.2984375 0.5703125 0.2984375 0.5703125 0.4421875 0.4859375 0.4421875
1 0.9390625 0.5265625 0.9859375 0.5265625 0.9859375 0.66875 0.9390625 0.66875
1 0.7859375 0.525 0.828125 0.525 0.828125 0.66875 0.7859375 0.66875
1 0.6734375 0.3296875 0.771875 0.3296875 0.771875 0.421875 0.6734375 0.421875
1 0.575 0.2734375 0.6390625 0.2734375 0.6390625 0.396875 0.575 0.396875
1 0.15 0.1953125 0.265625 0.1953125 0.265625 0.2546875 0.15 0.2546875
1 0.2109375 0.3421875 0.284375 0.3421875 0.284375 0.45625 0.2109375 0.45625
1 0.0640625 0.41875 0.128125 0.41875 0.128125 0.5484375 0.0640625 0.5484375
1 0.2296875 0.515625 0.315625 0.515625 0.315625 0.6375 0.2296875 0.6375
1 0.021875 0.65 0.1234375 0.65 0.1234375 0.7375 0.021875 0.7375
1 0 0.459375 0.0421875 0.459375 0.0421875 0.596875 0 0.596875
1 0.5 0.4921875 0.540625 0.4921875 0.540625 0.625 0.5 0.625
1 0.5734375 0.4046875 0.640625 0.4046875 0.640625 0.55 0.5734375 0.55
1 0.5140625 0.571875 0.56875 0.571875 0.56875 0.6921875 0.5140625 0.6921875
1 0.3953125 0.5875 0.4953125 0.5875 0.4953125 0.6609375 0.3953125 0.6609375
1 0.3875 0.4421875 0.453125 0.4421875 0.453125 0.55625 0.3875 0.55625
1 0.4546875 0.4609375 0.4953125 0.4609375 0.4953125 0.5890625 0.4546875 0.5890625
1 0.509375 0.4171875 0.5921875 0.4171875 0.5921875 0.4921875 0.509375 0.4921875
1 0.871875 0.5234375 0.921875 0.5234375 0.921875 0.653125 0.871875 0.653125
0 0.5796875 0.5109375 0.6859375 0.5109375 0.6859375 0.6296875 0.5796875 0.6296875
1 0.4171875 0.6453125 0.51875 0.6453125 0.51875 0.7125 0.4171875 0.7125
1 0.2046875 0.6578125 0.259375 0.6578125 0.259375 0.7765625 0.2046875 0.7765625