0 0.465625 0.2359375 0.521875 0.2359375 0.521875 0.4046875 0.465625 0.4046875
0 0.6265625 0.528125 0.6875 0.528125 0.6875 0.70625 0.6265625 0.70625
0 0.5390625 0.5265625 0.6203125 0.5265625 0.6203125 0.690625 0.5390625 0.690625
0 0.509375 0.446875 0.621875 0.446875 0.621875 0.5296875 0.509375 0.5296875
0 0.1265625 0.2328125 0.2171875 0.2328125 0.2171875 0.3703125 0.1265625 0.3703125
0 0.1484375 0.090625 0.24375 0.090625 0.24375 0.228125 0.1484375 0.228125
0 0.3078125 0.459375 0.428125 0.459375 0.428125 0.5765625 0.3078125 0.5765625
0 0.2640625 0.55625 0.3359375 0.55625 0.3359375 0.7171875 0.2640625 0.7171875
1 0.734375 0.3984375 0.7953125 0.3984375 0.7953125 0.53125 0.734375 0.53125
1 0.8 0.3546875 0.9015625 0.3546875 0.9015625 0.434375 0.8 0.434375
1 0.3234375 0.5765625 0.4015625 0.5765625 0.4015625 0.69375 0.3234375 0.69375
1 0.440625 0.5890625 0.4859375 0.5890625 0.4859375 0.734375 0.440625 0.734375
1 0.190625 0.3796875 0.2609375 0.3796875 0.2609375 0.5046875 0.190625 0.5046875
1 0.06875 0.1578125 0.13125 0.1578125 0.13125 0.2859375 0.06875 0.2859375
1 0.0125 0.5421875 0.059375 0.5421875 0.059375 0.6625 0.0125 0.6625
1 0.1796875 0.6703125 0.278125 0.6703125 0.278125 0.75 0.1796875 0.75
0 0.7265625 0.621875 0.821875 0.621875 0.821875 0.765625 0.7265625 0.765625
0 0.7625 0.5515625 0.8484375 0.5515625 0.8484375 0.709375 0.7625 0.709375