0 0.1046875 0.14375 0.1640625 0.14375 0.1640625 0.309375 0.1046875 0.309375
1 0.6453125 0.025 0.7203125 0.025 0.7203125 0.1734375 0.6453125 0.1734375
1 0.7390625 0.040625 0.8265625 0.040625 0.8265625 0.153125 0.7390625 0.153125
1 0.009375 0.2859375 0.1015625 0.2859375 0.1015625 0.3890625 0.009375 0.3890625
1 0.115625 0.3125 0.184375 0.3125 0.184375 0.440625 0.115625 0.440625
1 0.175 0.28125 0.2375 0.28125 0.2375 0.4140625 0.175 0.4140625
1 0.1015625 0.4671875 0.171875 0.4671875 0.171875 0.60625 0.1015625 0.60625
1 0.04375 0.5953125 0.1046875 0.5953125 0.1046875 0.7359375 0.04375 0.7359375
1 0.253125 0.6359375 0.321875 0.6359375 0.321875 0.75625 0.253125 0.75625
1 0.3015625 0.53125 0.3546875 0.53125 0.3546875 0.671875 0.3015625 0.671875
1 0.3546875 0.646875 0.421875 0.646875 0.421875 0.778125 0.3546875 0.778125
1 0.3625 0.4921875 0.425 0.4921875 0.425 0.6171875 0.3625 0.6171875
1 0.4125 0.471875 0.471875 0.471875 0.471875 0.6171875 0.4125 0.6171875
1 0.4390625 0.390625 0.4984375 0.390625 0.4984375 0.515625 0.4390625 0.515625
1 0.871875 0.4609375 0.9453125 0.4609375 0.9453125 0.596875 0.871875 0.596875
1 0.821875 0.6078125 0.9328125 0.6078125 0.9328125 0.703125 0.821875 0.703125
1 0.8015625 0.68125 0.8890625 0.68125 0.8890625 0.7953125 0.8015625 0.7953125
1 0.896875 0.7375 0.98125 0.7375 0.98125 0.815625 0.896875 0.815625
1 0.6 0.5734375 0.696875 0.5734375 0.696875 0.6515625 0.6 0.6515625
1 0.5421875 0.5765625 0.6046875 0.5765625 0.6046875 0.7109375 0.5421875 0.7109375
1 0.446875 0.6296875 0.5453125 0.6296875 0.5453125 0.7 0.446875 0.7
1 0.4578125 0.696875 0.5109375 0.696875 0.5109375 0.821875 0.4578125 0.821875
1 0.0578125 0.7421875 0.1671875 0.7421875 0.1671875 0.8140625 0.0578125 0.8140625