0 0.084375 0.2734375 0.175 0.2734375 0.175 0.4203125 0.084375 0.4203125
0 0.3578125 0.315625 0.434375 0.315625 0.434375 0.4640625 0.3578125 0.4640625
0 0.415625 0.625 0.54375 0.625 0.54375 0.7109375 0.415625 0.7109375
0 0.0609375 0.0859375 0.140625 0.0859375 0.140625 0.2546875 0.0609375 0.2546875
1 0.390625 0.240625 0.4484375 0.240625 0.4484375 0.3640625 0.390625 0.3640625
1 0.4796875 0.3734375 0.540625 0.3734375 0.540625 0.5078125 0.4796875 0.5078125
1 0.453125 0.4734375 0.5125 0.4734375 0.5125 0.6125 0.453125 0.6125
1 0.3765625 0.540625 0.428125 0.540625 0.428125 0.675 0.3765625 0.675
1 0.728125 0.3625 0.8390625 0.3625 0.8390625 0.4390625 0.728125 0.4390625
1 0.7953125 0.23125 0.8546875 0.23125 0.8546875 0.3734375 0.7953125 0.3734375
1 0.8421875 0.4015625 0.91875 0.4015625 0.91875 0.53125 0.8421875 0.53125
1 0.740625 0.4296875 0.8 0.4296875 0.8 0.559375 0.740625 0.559375
1 0.7703125 0.4921875 0.859375 0.4921875 0.859375 0.59375 0.7703125 0.59375
0 0.784375 0.59375 0.8984375 0.59375 0.8984375 0.6875 0.784375 0.6875
1 0.009375 0.528125 0.096875 0.528125 0.096875 0.5921875 0.009375 0.5921875
1 0.0796875 0.6265625 0.1796875 0.6265625 0.1796875 0.7046875 0.0796875 0.7046875
1 0.1859375 0.665625 0.2765625 0.665625 0.2765625 0.75 0.1859375 0.75
1 0.3 0.6609375 0.371875 0.6609375 0.371875 0.778125 0.3 0.778125
1 0.415625 0.0015625 0.521875 0.0015625 0.521875 0.05625 0.415625 0.05625
0 0.0734375 0.715625 0.196875 0.715625 0.196875 0.7953125 0.0734375 0.7953125