0 0.4359375 0.353125 0.5203125 0.353125 0.5203125 0.4921875 0.4359375 0.4921875
0 0.60625 0.6203125 0.703125 0.6203125 0.703125 0.765625 0.60625 0.765625
0 0.7921875 0.1015625 0.8671875 0.1015625 0.8671875 0.259375 0.7921875 0.259375
0 0.790625 0.68125 0.9 0.68125 0.9 0.803125 0.790625 0.803125
1 0.71875 0.515625 0.8203125 0.515625 0.8203125 0.59375 0.71875 0.59375
1 0.6359375 0.00625 0.7140625 0.00625 0.7140625 0.128125 0.6359375 0.128125
1 0.2828125 0.1359375 0.3859375 0.1359375 0.3859375 0.2359375 0.2828125 0.2359375
1 0.4734375 0.25 0.540625 0.25 0.540625 0.371875 0.4734375 0.371875
1 0.4078125 0.290625 0.45 0.290625 0.45 0.415625 0.4078125 0.415625
1 0.5359375 0.4046875 0.596875 0.4046875 0.596875 0.528125 0.5359375 0.528125
1 0.5671875 0.5125 0.6421875 0.5125 0.6421875 0.6203125 0.5671875 0.6203125
1 0.4328125 0.534375 0.5171875 0.534375 0.5171875 0.625 0.4328125 0.625
1 0.303125 0.4375 0.403125 0.4375 0.403125 0.6 0.303125 0.6
1 0.1953125 0.51875 0.2484375 0.51875 0.2484375 0.64375 0.1953125 0.64375
1 0.196875 0.6484375 0.2578125 0.6484375 0.2578125 0.771875 0.196875 0.771875
1 0.0375 0.5359375 0.1515625 0.5359375 0.1515625 0.6078125 0.0375 0.6078125
1 0.0203125 0.45625 0.115625 0.45625 0.115625 0.5390625 0.0203125 0.5390625
1 0.0796875 0.3234375 0.178125 0.3234375 0.178125 0.4 0.0796875 0.4
1 0.2171875 0.3046875 0.26875 0.3046875 0.26875 0.4484375 0.2171875 0.4484375
1 0.2015625 0 0.284375 0 0.284375 0.0734375 0.2015625 0.0734375
1 0.75 0.2625 0.8015625 0.2625 0.8015625 0.421875 0.75 0.421875
1 0.7515625 0.5984375 0.8234375 0.5984375 0.8234375 0.69375 0.7515625 0.69375
1 0.7015625 0.5875 0.7421875 0.5875 0.7421875 0.721875 0.7015625 0.721875
1 0.871875 0.621875 0.9640625 0.621875 0.9640625 0.6921875 0.871875 0.6921875
1 0.4890625 0.65625 0.571875 0.65625 0.571875 0.75 0.4890625 0.75
1 0.4578125 0.615625 0.50625 0.615625 0.50625 0.7390625 0.4578125 0.7390625
0 0.371875 0.5734375 0.465625 0.5734375 0.465625 0.7046875 0.371875 0.7046875
1 0.6453125 0.7453125 0.7703125 0.7453125 0.7703125 0.8109375 0.6453125 0.8109375
1 0.5390625 0.8046875 0.6515625 0.8046875 0.6515625 0.875 0.5390625 0.875
1 0.5515625 0.715625 0.5984375 0.715625 0.5984375 0.8328125 0.5515625 0.8328125