0 0.0046875 0.009375 0.103125 0.009375 0.103125 0.1546875 0.0046875 0.1546875
0 0.275 0.5328125 0.403125 0.5328125 0.403125 0.6296875 0.275 0.6296875
0 0.184375 0.659375 0.290625 0.659375 0.290625 0.7828125 0.184375 0.7828125
0 0.5890625 0.253125 0.6796875 0.253125 0.6796875 0.40625 0.5890625 0.40625
0 0.6765625 0.575 0.7375 0.575 0.7375 0.740625 0.6765625 0.740625
0 0.8640625 0.5703125 0.9875 0.5703125 0.9875 0.640625 0.8640625 0.640625
1 0.453125 0.246875 0.553125 0.246875 0.553125 0.3171875 0.453125 0.3171875
1 0.4453125 0.415625 0.50625 0.415625 0.50625 0.55 0.4453125 0.55
1 0.55625 0.3265625 0.6015625 0.3265625 0.6015625 0.459375 0.55625 0.459375
1 0.628125 0.4671875 0.6765625 0.4671875 0.6765625 0.6171875 0.628125 0.6171875
1 0.584375 0.603125 0.6328125 0.603125 0.6328125 0.746875 0.584375 0.746875
0 0.36875 0.6484375 0.475 0.6484375 0.475 0.7703125 0.36875 0.7703125
1 0.425 0.5421875 0.5203125 0.5421875 0.5203125 0.6421875 0.425 0.6421875
1 0.54375 0.0796875 0.6421875 0.0796875 0.6421875 0.1609375 0.54375 0.1609375
1 0.678125 0.4625 0.7625 0.4625 0.7625 0.5734375 0.678125 0.5734375
1 0.7296875 0.4203125 0.815625 0.4203125 0.815625 0.53125 0.7296875 0.53125
1 0.809375 0.4421875 0.909375 0.4421875 0.909375 0.51875 0.809375 0.51875
1 0.8109375 0.3234375 0.9 0.3234375 0.9 0.4203125 0.8109375 0.4203125
1 0.8640625 0.35 0.953125 0.35 0.953125 0.4421875 0.8640625 0.4421875
1 0.9078125 0.4375 1 0.4375 1 0.503125 0.9078125 0.503125
1 0.753125 0.5796875 0.8578125 0.5796875 0.8578125 0.6890625 0.753125 0.6890625