0 0.1453125 0.571875 0.2546875 0.571875 0.2546875 0.728125 0.1453125 0.728125
0 0.071875 0.096875 0.146875 0.096875 0.146875 0.271875 0.071875 0.271875
1 0 0.3953125 0.0984375 0.3953125 0.0984375 0.50625 0 0.50625
1 0.9015625 0.1359375 0.9546875 0.1359375 0.9546875 0.3234375 0.9015625 0.3234375
1 0.621875 0.1765625 0.696875 0.1765625 0.696875 0.296875 0.621875 0.296875
1 0.4 0.040625 0.503125 0.040625 0.503125 0.13125 0.4 0.13125
1 0.05 0 0.15 0 0.15 0.06875 0.05 0.06875
1 0.1734375 0.4125 0.240625 0.4125 0.240625 0.546875 0.1734375 0.546875
1 0.4125 0.5171875 0.4875 0.5171875 0.4875 0.63125 0.4125 0.63125
1 0.5171875 0.4140625 0.559375 0.4140625 0.559375 0.5359375 0.5171875 0.5359375
1 0.421875 0.384375 0.51875 0.384375 0.51875 0.484375 0.421875 0.484375
1 0.2921875 0.5296875 0.390625 0.5296875 0.390625 0.6265625 0.2921875 0.6265625
1 0.915625 0.421875 0.9609375 0.421875 0.9609375 0.571875 0.915625 0.571875
1 0.9109375 0.5484375 0.984375 0.5484375 0.984375 0.684375 0.9109375 0.684375
1 0.565625 0.590625 0.6328125 0.590625 0.6328125 0.721875 0.565625 0.721875
1 0.290625 0.6453125 0.396875 0.6453125 0.396875 0.7609375 0.290625 0.7609375