0 0.6734375 0.403125 0.75 0.403125 0.75 0.5609375 0.6734375 0.5609375
0 0.715625 0.3234375 0.7875 0.3234375 0.7875 0.4546875 0.715625 0.4546875
0 0.5109375 0.503125 0.6265625 0.503125 0.6265625 0.6203125 0.5109375 0.6203125
0 0.634375 0.584375 0.7015625 0.584375 0.7015625 0.7546875 0.634375 0.7546875
0 0.4578125 0.065625 0.534375 0.065625 0.534375 0.2140625 0.4578125 0.2140625
1 0.7875 0.4140625 0.871875 0.4140625 0.871875 0.5296875 0.7875 0.5296875
1 0.875 0.365625 0.959375 0.365625 0.959375 0.465625 0.875 0.465625
1 0.8796875 0.0109375 0.9734375 0.0109375 0.9734375 0.1046875 0.8796875 0.1046875
1 0.5546875 0.190625 0.634375 0.190625 0.634375 0.303125 0.5546875 0.303125
1 0.515625 0.2671875 0.5734375 0.2671875 0.5734375 0.390625 0.515625 0.390625
1 0.453125 0.33125 0.503125 0.33125 0.503125 0.4609375 0.453125 0.4609375
1 0.4046875 0.271875 0.44375 0.271875 0.44375 0.403125 0.4046875 0.403125
1 0.321875 0.3671875 0.3921875 0.3671875 0.3921875 0.5 0.321875 0.5
1 0.265625 0.353125 0.3109375 0.353125 0.3109375 0.4984375 0.265625 0.4984375
1 0.2328125 0.209375 0.3265625 0.209375 0.3265625 0.315625 0.2328125 0.315625
1 0.0859375 0.2140625 0.190625 0.2140625 0.190625 0.2796875 0.0859375 0.2796875
1 0.0921875 0.4078125 0.2046875 0.4078125 0.2046875 0.4734375 0.0921875 0.4734375
1 0.040625 0.4875 0.140625 0.4875 0.140625 0.553125 0.040625 0.553125
1 0.2796875 0.4765625 0.33125 0.4765625 0.33125 0.615625 0.2796875 0.615625
1 0.528125 0.6234375 0.6171875 0.6234375 0.6171875 0.7265625 0.528125 0.7265625
1 0.8171875 0.6125 0.8921875 0.6125 0.8921875 0.7375 0.8171875 0.7375
1 0.7234375 0.5515625 0.7796875 0.5515625 0.7796875 0.684375 0.7234375 0.684375
1 0.271875 0.6296875 0.3765625 0.6296875 0.3765625 0.6984375 0.271875 0.6984375
1 0.1234375 0.565625 0.1765625 0.565625 0.1765625 0.6984375 0.1234375 0.6984375
1 0.0015625 0.5546875 0.0890625 0.5546875 0.0890625 0.640625 0.0015625 0.640625