0 0.04375 0.565625 0.1109375 0.565625 0.1109375 0.7359375 0.04375 0.7359375
0 0.0546875 0.40625 0.1375 0.40625 0.1375 0.56875 0.0546875 0.56875
0 0.603125 0.4015625 0.7234375 0.4015625 0.7234375 0.4875 0.603125 0.4875
0 0.453125 0.596875 0.5828125 0.596875 0.5828125 0.684375 0.453125 0.684375
1 0.4953125 0.1671875 0.5953125 0.1671875 0.5953125 0.2328125 0.4953125 0.2328125
1 0.1765625 0.2921875 0.2453125 0.2921875 0.2453125 0.43125 0.1765625 0.43125
1 0.2453125 0.478125 0.3375 0.478125 0.3375 0.5703125 0.2453125 0.5703125
1 0.159375 0.5296875 0.2359375 0.5296875 0.2359375 0.6453125 0.159375 0.6453125
1 0.3828125 0.4984375 0.471875 0.4984375 0.471875 0.5828125 0.3828125 0.5828125
1 0.528125 0.521875 0.6328125 0.521875 0.6328125 0.5984375 0.528125 0.5984375
1 0.690625 0.4015625 0.7578125 0.4015625 0.7578125 0.534375 0.690625 0.534375
1 0.7609375 0.3609375 0.859375 0.3609375 0.859375 0.4578125 0.7609375 0.4578125
1 0.8640625 0.4171875 0.9109375 0.4171875 0.9109375 0.559375 0.8640625 0.559375
1 0.7671875 0.5296875 0.8734375 0.5296875 0.8734375 0.59375 0.7671875 0.59375
1 0.715625 0.590625 0.7703125 0.590625 0.7703125 0.7203125 0.715625 0.7203125
1 0.653125 0.640625 0.728125 0.640625 0.728125 0.746875 0.653125 0.746875
1 0.4625 0.69375 0.5375 0.69375 0.5375 0.784375 0.4625 0.784375
1 0.3640625 0.6140625 0.4515625 0.6140625 0.4515625 0.70625 0.3640625 0.70625
1 0.2578125 0.584375 0.325 0.584375 0.325 0.7234375 0.2578125 0.7234375
1 0.275 0.6625 0.359375 0.6625 0.359375 0.7734375 0.275 0.7734375
1 0.540625 0.33125 0.64375 0.33125 0.64375 0.4171875 0.540625 0.4171875
1 0.815625 0.5875 0.9046875 0.5875 0.9046875 0.7109375 0.815625 0.7109375
1 0.896875 0.609375 0.984375 0.609375 0.984375 0.734375 0.896875 0.734375
1 0 0.509375 0.0515625 0.509375 0.0515625 0.634375 0 0.634375
1 0.121875 0.5828125 0.1859375 0.5828125 0.1859375 0.7046875 0.121875 0.7046875
1 0.496875 0.2953125 0.6 0.2953125 0.6 0.353125 0.496875 0.353125