0 0.4984375 0.20625 0.553125 0.20625 0.553125 0.3671875 0.4984375 0.3671875
0 0.4484375 0.1609375 0.496875 0.1609375 0.496875 0.3046875 0.4484375 0.3046875
0 0.225 0.490625 0.303125 0.490625 0.303125 0.6484375 0.225 0.6484375
0 0.265625 0.4765625 0.3546875 0.4765625 0.3546875 0.609375 0.265625 0.609375
0 0.209375 0.63125 0.31875 0.63125 0.31875 0.7375 0.209375 0.7375
0 0.446875 0.5515625 0.4953125 0.5515625 0.4953125 0.7171875 0.446875 0.7171875
0 0.5375 0.6265625 0.659375 0.6265625 0.659375 0.73125 0.5375 0.73125
0 0.159375 0.1859375 0.225 0.1859375 0.225 0.353125 0.159375 0.353125
0 0 0.421875 0.09375 0.421875 0.09375 0.5671875 0 0.5671875
1 0.146875 0.53125 0.234375 0.53125 0.234375 0.6015625 0.146875 0.6015625
1 0.678125 0.5671875 0.7640625 0.5671875 0.7640625 0.68125 0.678125 0.68125
1 0.6375 0.484375 0.7515625 0.484375 0.7515625 0.5546875 0.6375 0.5546875
1 0.834375 0.540625 0.903125 0.540625 0.903125 0.6890625 0.834375 0.6890625
1 0.9015625 0.55 1 0.55 1 0.6140625 0.9015625 0.6140625
1 0.8453125 0.690625 0.965625 0.690625 0.965625 0.7625 0.8453125 0.7625
1 0.29375 0.1703125 0.3625 0.1703125 0.3625 0.3078125 0.29375 0.3078125
1 0.2546875 0.3171875 0.321875 0.3171875 0.321875 0.4390625 0.2546875 0.4390625
1 0.475 0 0.575 0 0.575 0.0796875 0.475 0.0796875
1 0.6578125 0.04375 0.7046875 0.04375 0.7046875 0.196875 0.6578125 0.196875
1 0.1171875 0 0.2390625 0 0.2390625 0.05625 0.1171875 0.05625
1 0.0484375 0.015625 0.103125 0.015625 0.103125 0.1484375 0.0484375 0.1484375
1 0.103125 0.096875 0.175 0.096875 0.175 0.1890625 0.103125 0.1890625
1 0.04375 0.2671875 0.0890625 0.2671875 0.0890625 0.4046875 0.04375 0.4046875
1 0.4015625 0.6546875 0.465625 0.6546875 0.465625 0.775 0.4015625 0.775