0 0.0484375 0.00625 0.159375 0.00625 0.159375 0.128125 0.0484375 0.128125
0 0.6390625 0.4296875 0.703125 0.4296875 0.703125 0.590625 0.6390625 0.590625
0 0.253125 0.4765625 0.3453125 0.4765625 0.3453125 0.615625 0.253125 0.615625
0 0.6375 0.671875 0.7640625 0.671875 0.7640625 0.7671875 0.6375 0.7671875
1 0.4125 0.3140625 0.4796875 0.3140625 0.4796875 0.440625 0.4125 0.440625
1 0.3390625 0.4390625 0.4453125 0.4390625 0.4453125 0.5296875 0.3390625 0.5296875
1 0.453125 0.4609375 0.55625 0.4609375 0.55625 0.521875 0.453125 0.521875
1 0.4828125 0.540625 0.5890625 0.540625 0.5890625 0.6109375 0.4828125 0.6109375
1 0.3796875 0.5953125 0.465625 0.5953125 0.465625 0.68125 0.3796875 0.68125
0 0.29375 0.6484375 0.3953125 0.6484375 0.3953125 0.753125 0.29375 0.753125
1 0.2078125 0.2265625 0.271875 0.2265625 0.271875 0.3609375 0.2078125 0.3609375
1 0.271875 0.0046875 0.3921875 0.0046875 0.3921875 0.071875 0.271875 0.071875
1 0.84375 0.4109375 0.9109375 0.4109375 0.9109375 0.5484375 0.84375 0.5484375
1 0.9125 0.4015625 0.9875 0.4015625 0.9875 0.5234375 0.9125 0.5234375
1 0.9015625 0.5234375 0.959375 0.5234375 0.959375 0.6625 0.9015625 0.6625
1 0.8125 0.590625 0.875 0.590625 0.875 0.725 0.8125 0.725
1 0.025 0.5078125 0.0890625 0.5078125 0.0890625 0.634375 0.025 0.634375
1 0 0.4125 0.071875 0.4125 0.071875 0.5359375 0 0.5359375
1 0.4890625 0.64375 0.5390625 0.64375 0.5390625 0.7609375 0.4890625 0.7609375