0 0.4171875 0.2234375 0.4890625 0.2234375 0.4890625 0.3703125 0.4171875 0.3703125
0 0.5578125 0.621875 0.6171875 0.621875 0.6171875 0.7875 0.5578125 0.7875
0 0.6859375 0.1796875 0.778125 0.1796875 0.778125 0.34375 0.6859375 0.34375
0 0.3671875 0.33125 0.446875 0.33125 0.446875 0.4765625 0.3671875 0.4765625
0 0.334375 0.246875 0.4125 0.246875 0.4125 0.390625 0.334375 0.390625
0 0.15625 0.6703125 0.28125 0.6703125 0.28125 0.75625 0.15625 0.75625
1 0.9125 0.525 0.9890625 0.525 0.9890625 0.653125 0.9125 0.653125
1 0.7734375 0.15 0.859375 0.15 0.859375 0.215625 0.7734375 0.215625
1 0.5671875 0.2671875 0.6140625 0.2671875 0.6140625 0.3953125 0.5671875 0.3953125
1 0.6046875 0.371875 0.678125 0.371875 0.678125 0.5 0.6046875 0.5
1 0.4609375 0.49375 0.5609375 0.49375 0.5609375 0.5609375 0.4609375 0.5609375
1 0.440625 0.5734375 0.4921875 0.5734375 0.4921875 0.7375 0.440625 0.7375
1 0.303125 0.5078125 0.4015625 0.5078125 0.4015625 0.584375 0.303125 0.584375
1 0.1796875 0.43125 0.246875 0.43125 0.246875 0.55 0.1796875 0.55
1 0.0890625 0.55 0.1921875 0.55 0.1921875 0.6234375 0.0890625 0.6234375
1 0.0140625 0.4046875 0.0890625 0.4046875 0.0890625 0.5265625 0.0140625 0.5265625
1 0.29375 0.5859375 0.375 0.5859375 0.375 0.7 0.29375 0.7
1 0.3578125 0.609375 0.4140625 0.609375 0.4140625 0.7328125 0.3578125 0.7328125
1 0.4 0.559375 0.45 0.559375 0.45 0.69375 0.4 0.69375
1 0.7 0.6015625 0.7921875 0.6015625 0.7921875 0.6859375 0.7 0.6859375
1 0.4234375 0.1234375 0.515625 0.1234375 0.515625 0.209375 0.4234375 0.209375
1 0.2390625 0 0.3296875 0 0.3296875 0.0921875 0.2390625 0.0921875
1 0.2125 0.2609375 0.3046875 0.2609375 0.3046875 0.3484375 0.2125 0.3484375
1 0.1203125 0.64375 0.1671875 0.64375 0.1671875 0.746875 0.1203125 0.746875
1 0.4859375 0.8296875 0.6171875 0.8296875 0.6171875 0.9078125 0.4859375 0.9078125
1 0.2078125 0.7578125 0.3203125 0.7578125 0.3203125 0.8234375 0.2078125 0.8234375
1 0.484375 0.2453125 0.540625 0.2453125 0.540625 0.39375 0.484375 0.39375