0 0.584375 0.5453125 0.690625 0.5453125 0.690625 0.675 0.584375 0.675
0 0.6984375 0.509375 0.7734375 0.509375 0.7734375 0.671875 0.6984375 0.671875
0 0.7796875 0.521875 0.8375 0.521875 0.8375 0.6984375 0.7796875 0.6984375
0 0.8296875 0.515625 0.91875 0.515625 0.91875 0.653125 0.8296875 0.653125
0 0.5109375 0.5078125 0.565625 0.5078125 0.565625 0.684375 0.5109375 0.684375
0 0.459375 0.5796875 0.509375 0.5796875 0.509375 0.759375 0.459375 0.759375
0 0.4984375 0.259375 0.596875 0.259375 0.596875 0.3703125 0.4984375 0.3703125
1 0.3109375 0.3609375 0.378125 0.3609375 0.378125 0.4953125 0.3109375 0.4953125
1 0.078125 0.471875 0.2015625 0.471875 0.2015625 0.5484375 0.078125 0.5484375
1 0.284375 0.5546875 0.3640625 0.5546875 0.3640625 0.6765625 0.284375 0.6765625
1 0.165625 0.634375 0.2703125 0.634375 0.2703125 0.7296875 0.165625 0.7296875
1 0.36875 0.5421875 0.4171875 0.5421875 0.4171875 0.6671875 0.36875 0.6671875
1 0.840625 0.259375 0.959375 0.259375 0.959375 0.3359375 0.840625 0.3359375
1 0.7171875 0.296875 0.771875 0.296875 0.771875 0.4296875 0.7171875 0.4296875
1 0.7484375 0.3859375 0.825 0.3859375 0.825 0.48125 0.7484375 0.48125
1 0.875 0.334375 0.9484375 0.334375 0.9484375 0.4421875 0.875 0.4421875
1 0.1703125 0.034375 0.2953125 0.034375 0.2953125 0.128125 0.1703125 0.128125
1 0.3109375 0.6640625 0.378125 0.6640625 0.378125 0.7875 0.3109375 0.7875
0 0.5515625 0.665625 0.671875 0.665625 0.671875 0.75 0.5515625 0.75
1 0.9 0.6625 1 0.6625 1 0.7546875 0.9 0.7546875
1 0.4078125 0.5921875 0.4640625 0.5921875 0.4640625 0.7125 0.4078125 0.7125