0 0.6109375 0.0234375 0.73125 0.0234375 0.73125 0.1390625 0.6109375 0.1390625
0 0.6875 0.040625 0.790625 0.040625 0.790625 0.2 0.6875 0.2
0 0.5578125 0.296875 0.634375 0.296875 0.634375 0.425 0.5578125 0.425
0 0.4171875 0.353125 0.5125 0.353125 0.5125 0.490625 0.4171875 0.490625
0 0.6953125 0.3921875 0.803125 0.3921875 0.803125 0.5171875 0.6953125 0.5171875
0 0.63125 0.5 0.70625 0.5 0.70625 0.640625 0.63125 0.640625
0 0.334375 0.6296875 0.3859375 0.6296875 0.3859375 0.76875 0.334375 0.76875
0 0.0546875 0.6234375 0.1828125 0.6234375 0.1828125 0.7125 0.0546875 0.7125
0 0.9015625 0.58125 1 0.58125 1 0.6828125 0.9015625 0.6828125
1 0.384375 0.5484375 0.4765625 0.5484375 0.4765625 0.640625 0.384375 0.640625
1 0.86875 0.309375 0.946875 0.309375 0.946875 0.4140625 0.86875 0.4140625
1 0.1796875 0.434375 0.2421875 0.434375 0.2421875 0.5640625 0.1796875 0.5640625
1 0.109375 0.5265625 0.1921875 0.5265625 0.1921875 0.609375 0.109375 0.609375
1 0.2109375 0.565625 0.2609375 0.565625 0.2609375 0.6921875 0.2109375 0.6921875
1 0.2671875 0.4734375 0.315625 0.4734375 0.315625 0.61875 0.2671875 0.61875
1 0.5078125 0.56875 0.571875 0.56875 0.571875 0.6890625 0.5078125 0.6890625
1 0.5921875 0.5 0.6390625 0.5 0.6390625 0.6359375 0.5921875 0.6359375
1 0.7390625 0.559375 0.775 0.559375 0.775 0.7015625 0.7390625 0.7015625
1 0.7734375 0.571875 0.825 0.571875 0.825 0.696875 0.7734375 0.696875
1 0.86875 0.5015625 0.9171875 0.5015625 0.9171875 0.634375 0.86875 0.634375
1 0 0.3953125 0.0515625 0.3953125 0.0515625 0.5109375 0 0.5109375
1 0.00625 0.5046875 0.090625 0.5046875 0.090625 0.6234375 0.00625 0.6234375
1 0.465625 0.6546875 0.50625 0.6546875 0.50625 0.7796875 0.465625 0.7796875
1 0.7421875 0.7875 0.85 0.7875 0.85 0.8796875 0.7421875 0.8796875