0 0.5703125 0 0.6609375 0 0.6609375 0.175 0.5703125 0.175
0 0.765625 0.434375 0.853125 0.434375 0.853125 0.5796875 0.765625 0.5796875
0 0.553125 0.58125 0.659375 0.58125 0.659375 0.696875 0.553125 0.696875
0 0.85 0.640625 0.9734375 0.640625 0.9734375 0.734375 0.85 0.734375
1 0.8734375 0.4703125 0.9578125 0.4703125 0.9578125 0.55625 0.8734375 0.55625
1 0.715625 0.359375 0.7859375 0.359375 0.7859375 0.5 0.715625 0.5
1 0.5296875 0.5140625 0.596875 0.5140625 0.596875 0.6328125 0.5296875 0.6328125
1 0.1796875 0.4296875 0.23125 0.4296875 0.23125 0.5796875 0.1796875 0.5796875
1 0.128125 0.55625 0.171875 0.55625 0.171875 0.7109375 0.128125 0.7109375
1 0.4625 0.0625 0.56875 0.0625 0.56875 0.125 0.4625 0.125
1 0.1265625 0.0640625 0.21875 0.0640625 0.21875 0.153125 0.1265625 0.153125
1 0.8203125 0.096875 0.915625 0.096875 0.915625 0.1671875 0.8203125 0.1671875
1 0.684375 0.5796875 0.775 0.5796875 0.775 0.7234375 0.684375 0.7234375