0 0.071875 0.4390625 0.1484375 0.4390625 0.1484375 0.64375 0.071875 0.64375
0 0.1546875 0.5734375 0.2859375 0.5734375 0.2859375 0.6609375 0.1546875 0.6609375
0 0.0234375 0.6421875 0.1390625 0.6421875 0.1390625 0.721875 0.0234375 0.721875
0 0.4921875 0.384375 0.571875 0.384375 0.571875 0.553125 0.4921875 0.553125
0 0.6546875 0.6171875 0.740625 0.6171875 0.740625 0.7546875 0.6546875 0.7546875
0 0.753125 0.6484375 0.8359375 0.6484375 0.8359375 0.7609375 0.753125 0.7609375
0 0.865625 0.671875 0.9578125 0.671875 0.9578125 0.7984375 0.865625 0.7984375
1 0.821875 0.5546875 0.9328125 0.5546875 0.9328125 0.6515625 0.821875 0.6515625
1 0.4296875 0.340625 0.484375 0.340625 0.484375 0.5125 0.4296875 0.5125
1 0.3734375 0.603125 0.43125 0.603125 0.43125 0.740625 0.3734375 0.740625
1 0.05 0.3515625 0.1453125 0.3515625 0.1453125 0.440625 0.05 0.440625
1 0.2296875 0.3203125 0.296875 0.3203125 0.296875 0.4328125 0.2296875 0.4328125
1 0.33125 0.115625 0.434375 0.115625 0.434375 0.178125 0.33125 0.178125
1 0.365625 0.034375 0.446875 0.034375 0.446875 0.125 0.365625 0.125
1 0.55625 0.2953125 0.6140625 0.2953125 0.6140625 0.4484375 0.55625 0.4484375
1 0.61875 0.2171875 0.671875 0.2171875 0.671875 0.3796875 0.61875 0.3796875
1 0.55 0.5578125 0.6390625 0.5578125 0.6390625 0.659375 0.55 0.659375
1 0.8625 0 0.9421875 0 0.9421875 0.103125 0.8625 0.103125