0 0.025 0.0984375 0.134375 0.0984375 0.134375 0.240625 0.025 0.240625
0 0.44375 0.4734375 0.496875 0.4734375 0.496875 0.640625 0.44375 0.640625
0 0.59375 0.59375 0.715625 0.59375 0.715625 0.6890625 0.59375 0.6890625
1 0.4828125 0.334375 0.571875 0.334375 0.571875 0.428125 0.4828125 0.428125
1 0.003125 0.2734375 0.0828125 0.2734375 0.0828125 0.4 0.003125 0.4
1 0.85625 0.33125 0.953125 0.33125 0.953125 0.4421875 0.85625 0.4421875
1 0.8015625 0.4625 0.90625 0.4625 0.90625 0.5453125 0.8015625 0.5453125
1 0.875 0.55625 1 0.55625 1 0.6265625 0.875 0.6265625
1 0.6375 0.396875 0.6921875 0.396875 0.6921875 0.5296875 0.6375 0.5296875
1 0.596875 0.503125 0.6890625 0.503125 0.6890625 0.6 0.596875 0.6
1 0.7296875 0.5734375 0.7890625 0.5734375 0.7890625 0.73125 0.7296875 0.73125
1 0.81875 0.615625 0.9203125 0.615625 0.9203125 0.7109375 0.81875 0.7109375
1 0.203125 0.63125 0.2875 0.63125 0.2875 0.7390625 0.203125 0.7390625
1 0.2703125 0.365625 0.3453125 0.365625 0.3453125 0.459375 0.2703125 0.459375
1 0.3296875 0.440625 0.378125 0.440625 0.378125 0.571875 0.3296875 0.571875
1 0.390625 0.5921875 0.459375 0.5921875 0.459375 0.709375 0.390625 0.709375