0 0.4953125 0.3234375 0.553125 0.3234375 0.553125 0.4859375 0.4953125 0.4859375
1 0.078125 0.5484375 0.1203125 0.5484375 0.1203125 0.703125 0.078125 0.703125
1 0.109375 0.6 0.178125 0.6 0.178125 0.7296875 0.109375 0.7296875
1 0.1984375 0.4921875 0.3078125 0.4921875 0.3078125 0.559375 0.1984375 0.559375
1 0.153125 0.3546875 0.2125 0.3546875 0.2125 0.4921875 0.153125 0.4921875
1 0.046875 0.4296875 0.15 0.4296875 0.15 0.525 0.046875 0.525
1 0.0171875 0.290625 0.078125 0.290625 0.078125 0.4140625 0.0171875 0.4140625
1 0.3390625 0.5671875 0.3890625 0.5671875 0.3890625 0.7171875 0.3390625 0.7171875
1 0.3984375 0.546875 0.490625 0.546875 0.490625 0.63125 0.3984375 0.63125
1 0.509375 0.515625 0.553125 0.515625 0.553125 0.65625 0.509375 0.65625
1 0.446875 0.6453125 0.5234375 0.6453125 0.5234375 0.759375 0.446875 0.759375
1 0.5875 0.5671875 0.6890625 0.5671875 0.6890625 0.6390625 0.5875 0.6390625
1 0.5984375 0.4671875 0.6921875 0.4671875 0.6921875 0.571875 0.5984375 0.571875
1 0.7515625 0.5796875 0.85 0.5796875 0.85 0.6953125 0.7515625 0.6953125
1 0.7640625 0.690625 0.8328125 0.690625 0.8328125 0.7984375 0.7640625 0.7984375
1 0.6234375 0.646875 0.675 0.646875 0.675 0.7734375 0.6234375 0.7734375
1 0.65625 0.696875 0.7234375 0.696875 0.7234375 0.809375 0.65625 0.809375
1 0.5203125 0.69375 0.578125 0.69375 0.578125 0.8125 0.5203125 0.8125
1 0.2140625 0.671875 0.2703125 0.671875 0.2703125 0.80625 0.2140625 0.80625
1 0.384375 0.615625 0.43125 0.615625 0.43125 0.759375 0.384375 0.759375