1 0.709375 0.30625 0.809375 0.30625 0.809375 0.396875 0.709375 0.396875
1 0.421875 0.0640625 0.503125 0.0640625 0.503125 0.2125 0.421875 0.2125
1 0.3734375 0.0078125 0.4296875 0.0078125 0.4296875 0.1515625 0.3734375 0.1515625
1 0.209375 0.2859375 0.265625 0.2859375 0.265625 0.4296875 0.209375 0.4296875
1 0.0390625 0.2953125 0.0984375 0.2953125 0.0984375 0.440625 0.0390625 0.440625
1 0.19375 0.6 0.2796875 0.6 0.2796875 0.703125 0.19375 0.703125
1 0.5796875 0.415625 0.6890625 0.415625 0.6890625 0.5140625 0.5796875 0.5140625
1 0.509375 0.4953125 0.603125 0.4953125 0.603125 0.578125 0.509375 0.578125
1 0.4484375 0.421875 0.509375 0.421875 0.509375 0.5453125 0.4484375 0.5453125
1 0.2921875 0.44375 0.390625 0.44375 0.390625 0.54375 0.2921875 0.54375
0 0.6734375 0.5765625 0.7421875 0.5765625 0.7421875 0.725 0.6734375 0.725
1 0.7421875 0.6125 0.8375 0.6125 0.8375 0.7296875 0.7421875 0.7296875
1 0.903125 0.5640625 0.9578125 0.5640625 0.9578125 0.70625 0.903125 0.70625
1 0.3953125 0.5671875 0.4828125 0.5671875 0.4828125 0.6796875 0.3953125 0.6796875
1 0.4171875 0.49375 0.4875 0.49375 0.4875 0.6109375 0.4171875 0.6109375
1 0.271875 0.5421875 0.346875 0.5421875 0.346875 0.653125 0.271875 0.653125
1 0.3515625 0.5625 0.403125 0.5625 0.403125 0.696875 0.3515625 0.696875
1 0.840625 0.6546875 0.9296875 0.6546875 0.9296875 0.7421875 0.840625 0.7421875
1 0.378125 0.678125 0.4359375 0.678125 0.4359375 0.7984375 0.378125 0.7984375
1 0.471875 0.7546875 0.56875 0.7546875 0.56875 0.8140625 0.471875 0.8140625
1 0.2875 0.746875 0.3953125 0.746875 0.3953125 0.8390625 0.2875 0.8390625
1 0.884375 0.7296875 0.990625 0.7296875 0.990625 0.80625 0.884375 0.80625
1 0.765625 0.7328125 0.8578125 0.7328125 0.8578125 0.803125 0.765625 0.803125
1 0.53125 0.0234375 0.5890625 0.0234375 0.5890625 0.171875 0.53125 0.171875