0 0.0140625 0.215625 0.1 0.215625 0.1 0.353125 0.0140625 0.353125
0 0.3140625 0.490625 0.4390625 0.490625 0.4390625 0.5734375 0.3140625 0.5734375
0 0.2625 0.6734375 0.396875 0.6734375 0.396875 0.7546875 0.2625 0.7546875
0 0.7765625 0.6390625 0.884375 0.6390625 0.884375 0.7984375 0.7765625 0.7984375
0 0.6640625 0.69375 0.803125 0.69375 0.803125 0.7875 0.6640625 0.7875
0 0.6890625 0.5734375 0.759375 0.5734375 0.759375 0.746875 0.6890625 0.746875
0 0.278125 0.234375 0.35 0.234375 0.35 0.3828125 0.278125 0.3828125
0 0.1046875 0 0.19375 0 0.19375 0.1328125 0.1046875 0.1328125
1 0.0359375 0.0453125 0.1171875 0.0453125 0.1171875 0.1078125 0.0359375 0.1078125
1 0.096875 0.3296875 0.1609375 0.3296875 0.1609375 0.4484375 0.096875 0.4484375
1 0.3671875 0.296875 0.4453125 0.296875 0.4453125 0.396875 0.3671875 0.396875
1 0.503125 0.15 0.5609375 0.15 0.5609375 0.2875 0.503125 0.2875
1 0.8625 0.06875 0.9625 0.06875 0.9625 0.1578125 0.8625 0.1578125
1 0.828125 0.3171875 0.875 0.3171875 0.875 0.4515625 0.828125 0.4515625
1 0.8578125 0.428125 0.925 0.428125 0.925 0.565625 0.8578125 0.565625
1 0.9390625 0.4296875 0.978125 0.4296875 0.978125 0.56875 0.9390625 0.56875
1 0.8 0.5234375 0.9046875 0.5234375 0.9046875 0.621875 0.8 0.621875
1 0.6203125 0.5375 0.684375 0.5375 0.684375 0.675 0.6203125 0.675
1 0.4109375 0.5484375 0.5171875 0.5484375 0.5171875 0.640625 0.4109375 0.640625
1 0.4453125 0.4234375 0.509375 0.4234375 0.509375 0.5453125 0.4453125 0.5453125
1 0.3453125 0.6109375 0.4375 0.6109375 0.4375 0.671875 0.3453125 0.671875
1 0.4546875 0.615625 0.559375 0.615625 0.559375 0.6875 0.4546875 0.6875
1 0.0859375 0.4921875 0.1640625 0.4921875 0.1640625 0.6078125 0.0859375 0.6078125
1 0.2 0.5828125 0.2515625 0.5828125 0.2515625 0.7078125 0.2 0.7078125
1 0.15625 0.6390625 0.2125 0.6390625 0.2125 0.7796875 0.15625 0.7796875
1 0.9046875 0.6 0.9953125 0.6 0.9953125 0.7125 0.9046875 0.7125
1 0.9234375 0.315625 1 0.315625 1 0.421875 0.9234375 0.421875