0 0.1359375 0.5296875 0.215625 0.5296875 0.215625 0.6953125 0.1359375 0.6953125
0 0.6515625 0.259375 0.7828125 0.259375 0.7828125 0.346875 0.6515625 0.346875
0 0 0.5328125 0.121875 0.5328125 0.121875 0.6359375 0 0.6359375
0 0.6953125 0.6546875 0.79375 0.6546875 0.79375 0.7875 0.6953125 0.7875
1 0.3109375 0.4046875 0.40625 0.4046875 0.40625 0.509375 0.3109375 0.509375
1 0.2171875 0.421875 0.275 0.421875 0.275 0.55625 0.2171875 0.55625
1 0.1078125 0.221875 0.203125 0.221875 0.203125 0.328125 0.1078125 0.328125
1 0.4875 0.040625 0.565625 0.040625 0.565625 0.1640625 0.4875 0.1640625
1 0.5609375 0.1390625 0.6171875 0.1390625 0.6171875 0.2546875 0.5609375 0.2546875
1 0.928125 0.4171875 0.9796875 0.4171875 0.9796875 0.55625 0.928125 0.55625
1 0.84375 0.4796875 0.9296875 0.4796875 0.9296875 0.5734375 0.84375 0.5734375
1 0.890625 0.21875 0.984375 0.21875 0.984375 0.2796875 0.890625 0.2796875
1 0.775 0.225 0.8796875 0.225 0.8796875 0.296875 0.775 0.296875
1 0.6890625 0.5609375 0.765625 0.5609375 0.765625 0.6734375 0.6890625 0.6734375
1 0.3640625 0.5296875 0.4125 0.5296875 0.4125 0.6640625 0.3640625 0.6640625
1 0.3046875 0.534375 0.3609375 0.534375 0.3609375 0.6703125 0.3046875 0.6703125
1 0.25 0.578125 0.325 0.578125 0.325 0.7 0.25 0.7
1 0.859375 0.6484375 0.95625 0.6484375 0.95625 0.7234375 0.859375 0.7234375
0 0.675 0.3984375 0.803125 0.3984375 0.803125 0.4875 0.675 0.4875
0 0.7203125 0.4234375 0.846875 0.4234375 0.846875 0.553125 0.7203125 0.553125
1 0.815625 0.3203125 0.890625 0.3203125 0.890625 0.4375 0.815625 0.4375
0 0.4046875 0.659375 0.46875 0.659375 0.46875 0.815625 0.4046875 0.815625