0 0.8109375 0.5984375 0.9265625 0.5984375 0.9265625 0.7125 0.8109375 0.7125
0 0.7859375 0.7234375 0.903125 0.7234375 0.903125 0.80625 0.7859375 0.80625
0 0.4484375 0.096875 0.53125 0.096875 0.53125 0.271875 0.4484375 0.271875
1 0.64375 0.040625 0.7546875 0.040625 0.7546875 0.115625 0.64375 0.115625
1 0.7984375 0.090625 0.871875 0.090625 0.871875 0.2265625 0.7984375 0.2265625
1 0.64375 0.1609375 0.7171875 0.1609375 0.7171875 0.2828125 0.64375 0.2828125
1 0.6859375 0.234375 0.7484375 0.234375 0.7484375 0.3703125 0.6859375 0.3703125
1 0.5703125 0.315625 0.6546875 0.315625 0.6546875 0.4515625 0.5703125 0.4515625
1 0.434375 0.265625 0.509375 0.265625 0.509375 0.3984375 0.434375 0.3984375
1 0.2671875 0.5421875 0.325 0.5421875 0.325 0.6921875 0.2671875 0.6921875
1 0.1890625 0.45 0.2390625 0.45 0.2390625 0.5953125 0.1890625 0.5953125
1 0.3859375 0.615625 0.465625 0.615625 0.465625 0.721875 0.3859375 0.721875
1 0.80625 0.3453125 0.9046875 0.3453125 0.9046875 0.4171875 0.80625 0.4171875
1 0.7578125 0.321875 0.803125 0.321875 0.803125 0.4640625 0.7578125 0.4640625
0 0.896875 0.4140625 1 0.4140625 1 0.5109375 0.896875 0.5109375
1 0.753125 0.6234375 0.8078125 0.6234375 0.8078125 0.7578125 0.753125 0.7578125
1 0.125 0.5328125 0.203125 0.5328125 0.203125 0.6515625 0.125 0.6515625
1 0.08125 0.584375 0.1828125 0.584375 0.1828125 0.6953125 0.08125 0.6953125
1 0.1921875 0.634375 0.271875 0.634375 0.271875 0.75625 0.1921875 0.75625
1 0.94375 0.09375 0.9984375 0.09375 0.9984375 0.2125 0.94375 0.2125
0 0 0.6234375 0.084375 0.6234375 0.084375 0.7125 0 0.7125