0 0.05625 0.28125 0.1796875 0.28125 0.1796875 0.390625 0.05625 0.390625
0 0.396875 0.2359375 0.4765625 0.2359375 0.4765625 0.390625 0.396875 0.390625
0 0.584375 0.4296875 0.6421875 0.4296875 0.6421875 0.584375 0.584375 0.584375
0 0.0765625 0.590625 0.1375 0.590625 0.1375 0.75625 0.0765625 0.75625
0 0.090625 0.146875 0.146875 0.146875 0.146875 0.2890625 0.090625 0.2890625
1 0.1734375 0.15 0.2640625 0.15 0.2640625 0.271875 0.1734375 0.271875
1 0.4828125 0.11875 0.5203125 0.11875 0.5203125 0.2484375 0.4828125 0.2484375
1 0.4375 0.178125 0.525 0.178125 0.525 0.2796875 0.4375 0.2796875
1 0.5234375 0.328125 0.571875 0.328125 0.571875 0.465625 0.5234375 0.465625
1 0.6296875 0.3796875 0.6890625 0.3796875 0.6890625 0.521875 0.6296875 0.521875
1 0.36875 0.3890625 0.4703125 0.3890625 0.4703125 0.48125 0.36875 0.48125
1 0.2734375 0.4921875 0.35625 0.4921875 0.35625 0.6 0.2734375 0.6
1 0.353125 0.534375 0.4078125 0.534375 0.4078125 0.6546875 0.353125 0.6546875
1 0.4765625 0.5375 0.5265625 0.5375 0.5265625 0.665625 0.4765625 0.665625
1 0.5375 0.6484375 0.628125 0.6484375 0.628125 0.7390625 0.5375 0.7390625
1 0.8140625 0.61875 0.8609375 0.61875 0.8609375 0.746875 0.8140625 0.746875
1 0.93125 0.21875 1 0.21875 1 0.3140625 0.93125 0.3140625
1 0.1921875 0.56875 0.259375 0.56875 0.259375 0.6875 0.1921875 0.6875
1 0.2703125 0.6 0.3140625 0.6 0.3140625 0.7203125 0.2703125 0.7203125
1 0.1890625 0.6859375 0.2828125 0.6859375 0.2828125 0.74375 0.1890625 0.74375