0 0.896875 0.009375 0.9953125 0.009375 0.9953125 0.1546875 0.896875 0.1546875
0 0.5984375 0.5328125 0.7265625 0.5328125 0.7265625 0.6296875 0.5984375 0.6296875
0 0.709375 0.659375 0.815625 0.659375 0.815625 0.7828125 0.709375 0.7828125
0 0.3203125 0.253125 0.4109375 0.253125 0.4109375 0.40625 0.3203125 0.40625
0 0.2625 0.575 0.3234375 0.575 0.3234375 0.740625 0.2625 0.740625
0 0.0125 0.5703125 0.1359375 0.5703125 0.1359375 0.640625 0.0125 0.640625
1 0.446875 0.246875 0.546875 0.246875 0.546875 0.3171875 0.446875 0.3171875
1 0.49375 0.415625 0.5546875 0.415625 0.5546875 0.55 0.49375 0.55
1 0.3984375 0.3265625 0.44375 0.3265625 0.44375 0.459375 0.3984375 0.459375
1 0.3234375 0.4671875 0.371875 0.4671875 0.371875 0.6171875 0.3234375 0.6171875
1 0.3671875 0.603125 0.415625 0.603125 0.415625 0.746875 0.3671875 0.746875
0 0.525 0.6484375 0.63125 0.6484375 0.63125 0.7703125 0.525 0.7703125
1 0.4796875 0.5421875 0.575 0.5421875 0.575 0.6421875 0.4796875 0.6421875
1 0.3578125 0.0796875 0.45625 0.0796875 0.45625 0.1609375 0.3578125 0.1609375
1 0.2375 0.4625 0.321875 0.4625 0.321875 0.5734375 0.2375 0.5734375
1 0.184375 0.4203125 0.2703125 0.4203125 0.2703125 0.53125 0.184375 0.53125
1 0.090625 0.4421875 0.190625 0.4421875 0.190625 0.51875 0.090625 0.51875
1 0.1 0.3234375 0.1890625 0.3234375 0.1890625 0.4203125 0.1 0.4203125
1 0.046875 0.35 0.1359375 0.35 0.1359375 0.4421875 0.046875 0.4421875
1 0 0.4375 0.0921875 0.4375 0.0921875 0.503125 0 0.503125
1 0.1421875 0.5796875 0.246875 0.5796875 0.246875 0.6890625 0.1421875 0.6890625