0 0.1796875 0.0109375 0.253125 0.0109375 0.253125 0.1703125 0.1796875 0.1703125
0 0.515625 0.103125 0.6078125 0.103125 0.6078125 0.253125 0.515625 0.253125
0 0.0625 0.2046875 0.1375 0.2046875 0.1375 0.3625 0.0625 0.3625
0 0.140625 0.3 0.2390625 0.3 0.2390625 0.43125 0.140625 0.43125
0 0.2390625 0.271875 0.315625 0.271875 0.315625 0.43125 0.2390625 0.43125
0 0.5609375 0.6578125 0.6265625 0.6578125 0.6265625 0.815625 0.5609375 0.815625
0 0.259375 0.1625 0.33125 0.1625 0.33125 0.34375 0.259375 0.34375
1 0.40625 0.1109375 0.465625 0.1109375 0.465625 0.2515625 0.40625 0.2515625
1 0.603125 0.084375 0.6921875 0.084375 0.6921875 0.1796875 0.603125 0.1796875
1 0.6640625 0.00625 0.7515625 0.00625 0.7515625 0.0921875 0.6640625 0.0921875
1 0.665625 0.403125 0.721875 0.403125 0.721875 0.55 0.665625 0.55
1 0.7140625 0.475 0.778125 0.475 0.778125 0.609375 0.7140625 0.609375
1 0.778125 0.559375 0.8328125 0.559375 0.8328125 0.7046875 0.778125 0.7046875
1 0.8328125 0.4953125 0.896875 0.4953125 0.896875 0.6375 0.8328125 0.6375
1 0.4046875 0.4359375 0.4625 0.4359375 0.4625 0.565625 0.4046875 0.565625
1 0.4953125 0.4515625 0.553125 0.4515625 0.553125 0.5875 0.4953125 0.5875
1 0.525 0.2765625 0.5765625 0.2765625 0.5765625 0.4203125 0.525 0.4203125
1 0.1109375 0.06875 0.175 0.06875 0.175 0.190625 0.1109375 0.190625
1 0.1953125 0.628125 0.2921875 0.628125 0.2921875 0.7109375 0.1953125 0.7109375
0 0.440625 0.56875 0.55 0.56875 0.55 0.696875 0.440625 0.696875
1 0.4 0.634375 0.4515625 0.634375 0.4515625 0.7609375 0.4 0.7609375
1 0.628125 0.603125 0.721875 0.603125 0.721875 0.6984375 0.628125 0.6984375
0 0.6296875 0.69375 0.75625 0.69375 0.75625 0.7796875 0.6296875 0.7796875
1 0.0546875 0.628125 0.115625 0.628125 0.115625 0.7484375 0.0546875 0.7484375
0 0 0.2453125 0.05 0.2453125 0.05 0.4015625 0 0.4015625
0 0.2984375 0.3375 0.415625 0.3375 0.415625 0.4296875 0.2984375 0.4296875
1 0.3078125 0.4046875 0.3640625 0.4046875 0.3640625 0.528125 0.3078125 0.528125
1 0.440625 0.284375 0.521875 0.284375 0.521875 0.4421875 0.440625 0.4421875