0 0.4796875 0.365625 0.5375 0.365625 0.5375 0.540625 0.4796875 0.540625
0 0.2734375 0.4625 0.340625 0.4625 0.340625 0.6234375 0.2734375 0.6234375
0 0.696875 0.346875 0.7828125 0.346875 0.7828125 0.475 0.696875 0.475
0 0.575 0.34375 0.6921875 0.34375 0.6921875 0.421875 0.575 0.421875
0 0.690625 0.1171875 0.7453125 0.1171875 0.7453125 0.2921875 0.690625 0.2921875
0 0.3875 0.6203125 0.4390625 0.6203125 0.4390625 0.7921875 0.3875 0.7921875
1 0.215625 0.4796875 0.271875 0.4796875 0.271875 0.6234375 0.215625 0.6234375
1 0.171875 0.1984375 0.225 0.1984375 0.225 0.3390625 0.171875 0.3390625
1 0.4015625 0.246875 0.4765625 0.246875 0.4765625 0.3671875 0.4015625 0.3671875
1 0.4484375 0.2921875 0.53125 0.2921875 0.53125 0.390625 0.4484375 0.390625
1 0.3625 0.365625 0.4546875 0.365625 0.4546875 0.4578125 0.3625 0.4578125
1 0.5140625 0.18125 0.5796875 0.18125 0.5796875 0.29375 0.5140625 0.29375
1 0.8578125 0.178125 0.959375 0.178125 0.959375 0.246875 0.8578125 0.246875
1 0.934375 0.471875 0.984375 0.471875 0.984375 0.5921875 0.934375 0.5921875
1 0.834375 0.5515625 0.9296875 0.5515625 0.9296875 0.6046875 0.834375 0.6046875
1 0.759375 0.496875 0.8359375 0.496875 0.8359375 0.6015625 0.759375 0.6015625
1 0.621875 0.4078125 0.7 0.4078125 0.7 0.5296875 0.621875 0.5296875
1 0.5421875 0.6265625 0.590625 0.6265625 0.590625 0.7671875 0.5421875 0.7671875
1 0.4546875 0.6125 0.509375 0.6125 0.509375 0.740625 0.4546875 0.740625
1 0.415625 0.434375 0.46875 0.434375 0.46875 0.565625 0.415625 0.565625
1 0.5921875 0.5125 0.6703125 0.5125 0.6703125 0.6421875 0.5921875 0.6421875
1 0.7234375 0.596875 0.7671875 0.596875 0.7671875 0.734375 0.7234375 0.734375
1 0.6703125 0.590625 0.7234375 0.590625 0.7234375 0.7171875 0.6703125 0.7171875
1 0.93125 0.3421875 1 0.3421875 1 0.4484375 0.93125 0.4484375
1 0.396875 0.540625 0.4625 0.540625 0.4625 0.653125 0.396875 0.653125
1 0.2203125 0.625 0.309375 0.625 0.309375 0.6953125 0.2203125 0.6953125
1 0.16875 0.5921875 0.2515625 0.5921875 0.2515625 0.709375 0.16875 0.709375