0 0.1890625 0.58125 0.253125 0.58125 0.253125 0.7515625 0.1890625 0.7515625
0 0.078125 0.3453125 0.1578125 0.3453125 0.1578125 0.490625 0.078125 0.490625
1 0.1265625 0.196875 0.196875 0.196875 0.196875 0.33125 0.1265625 0.33125
1 0.1359375 0.090625 0.2234375 0.090625 0.2234375 0.209375 0.1359375 0.209375
1 0.2203125 0.040625 0.3078125 0.040625 0.3078125 0.140625 0.2203125 0.140625
1 0.409375 0.0984375 0.4609375 0.0984375 0.4609375 0.221875 0.409375 0.221875
1 0.440625 0.0234375 0.5390625 0.0234375 0.5390625 0.090625 0.440625 0.090625
1 0.4078125 0.2828125 0.5046875 0.2828125 0.5046875 0.340625 0.4078125 0.340625
1 0.709375 0.265625 0.784375 0.265625 0.784375 0.3859375 0.709375 0.3859375
1 0.6515625 0.3625 0.7140625 0.3625 0.7140625 0.503125 0.6515625 0.503125
1 0.5421875 0.43125 0.584375 0.43125 0.584375 0.5703125 0.5421875 0.5703125
1 0.4328125 0.39375 0.521875 0.39375 0.521875 0.4625 0.4328125 0.4625
1 0.371875 0.4484375 0.4171875 0.4484375 0.4171875 0.5796875 0.371875 0.5796875
1 0.25625 0.4234375 0.35625 0.4234375 0.35625 0.490625 0.25625 0.490625
1 0.009375 0.465625 0.1234375 0.465625 0.1234375 0.546875 0.009375 0.546875
1 0.440625 0.60625 0.54375 0.60625 0.54375 0.6921875 0.440625 0.6921875
1 0.846875 0.521875 0.9109375 0.521875 0.9109375 0.6546875 0.846875 0.6546875
1 0.6546875 0.4921875 0.7203125 0.4921875 0.7203125 0.6046875 0.6546875 0.6046875
1 0.6 0.5046875 0.678125 0.5046875 0.678125 0.61875 0.6 0.61875
1 0.6515625 0.61875 0.759375 0.61875 0.759375 0.6984375 0.6515625 0.6984375
1 0.4484375 0.4546875 0.5390625 0.4546875 0.5390625 0.546875 0.4484375 0.546875