0 0.75 0.0484375 0.828125 0.0484375 0.828125 0.2109375 0.75 0.2109375
1 0.64375 0.096875 0.7453125 0.096875 0.7453125 0.203125 0.64375 0.203125
1 0.721875 0.2109375 0.7953125 0.2109375 0.7953125 0.3515625 0.721875 0.3515625
1 0.771875 0.5546875 0.8375 0.5546875 0.8375 0.6828125 0.771875 0.6828125
1 0.39375 0.365625 0.4796875 0.365625 0.4796875 0.45625 0.39375 0.45625
1 0.425 0.446875 0.521875 0.446875 0.521875 0.5109375 0.425 0.5109375
1 0.2484375 0.45625 0.309375 0.45625 0.309375 0.590625 0.2484375 0.590625
1 0.1078125 0.515625 0.1734375 0.515625 0.1734375 0.6515625 0.1078125 0.6515625
1 0.103125 0.16875 0.153125 0.16875 0.153125 0.2921875 0.103125 0.2921875
1 0.1625 0.190625 0.2328125 0.190625 0.2328125 0.315625 0.1625 0.315625
1 0.240625 0.21875 0.3421875 0.21875 0.3421875 0.3171875 0.240625 0.3171875
1 0.446875 0.1046875 0.55625 0.1046875 0.55625 0.1765625 0.446875 0.1765625
1 0.6203125 0.628125 0.7296875 0.628125 0.7296875 0.728125 0.6203125 0.728125
1 0.1640625 0.6546875 0.265625 0.6546875 0.265625 0.7234375 0.1640625 0.7234375
1 0.346875 0.5359375 0.4328125 0.5359375 0.4328125 0.6375 0.346875 0.6375
1 0.31875 0.465625 0.425 0.465625 0.425 0.5359375 0.31875 0.5359375
1 0.2703125 0.3703125 0.353125 0.3703125 0.353125 0.46875 0.2703125 0.46875
1 0.265625 0.321875 0.36875 0.321875 0.36875 0.3828125 0.265625 0.3828125
1 0.2328125 0.10625 0.296875 0.10625 0.296875 0.21875 0.2328125 0.21875
1 0.31875 0.56875 0.3640625 0.56875 0.3640625 0.7015625 0.31875 0.7015625
1 0.80625 0.7484375 0.9140625 0.7484375 0.9140625 0.821875 0.80625 0.821875
1 0.44375 0.6671875 0.4859375 0.6671875 0.4859375 0.7828125 0.44375 0.7828125