0 0.825 0.2734375 0.915625 0.2734375 0.915625 0.4203125 0.825 0.4203125
0 0.5671875 0.315625 0.64375 0.315625 0.64375 0.4640625 0.5671875 0.4640625
0 0.45625 0.625 0.584375 0.625 0.584375 0.7109375 0.45625 0.7109375
0 0.8609375 0.0859375 0.940625 0.0859375 0.940625 0.2546875 0.8609375 0.2546875
1 0.5515625 0.240625 0.609375 0.240625 0.609375 0.3640625 0.5515625 0.3640625
1 0.4609375 0.3734375 0.521875 0.3734375 0.521875 0.5078125 0.4609375 0.5078125
1 0.4875 0.4734375 0.546875 0.4734375 0.546875 0.6125 0.4875 0.6125
1 0.571875 0.540625 0.6234375 0.540625 0.6234375 0.675 0.571875 0.675
1 0.1609375 0.3625 0.271875 0.3625 0.271875 0.4390625 0.1609375 0.4390625
1 0.1453125 0.23125 0.2046875 0.23125 0.2046875 0.3734375 0.1453125 0.3734375
1 0.08125 0.4015625 0.1578125 0.4015625 0.1578125 0.53125 0.08125 0.53125
1 0.2 0.4296875 0.259375 0.4296875 0.259375 0.559375 0.2 0.559375
1 0.140625 0.4921875 0.2296875 0.4921875 0.2296875 0.59375 0.140625 0.59375
0 0.1015625 0.59375 0.215625 0.59375 0.215625 0.6875 0.1015625 0.6875
1 0.903125 0.528125 0.990625 0.528125 0.990625 0.5921875 0.903125 0.5921875
1 0.8203125 0.6265625 0.9203125 0.6265625 0.9203125 0.7046875 0.8203125 0.7046875
1 0.7234375 0.665625 0.8140625 0.665625 0.8140625 0.75 0.7234375 0.75
1 0.6296875 0.6609375 0.7015625 0.6609375 0.7015625 0.778125 0.6296875 0.778125
1 0.478125 0.0015625 0.584375 0.0015625 0.584375 0.05625 0.478125 0.05625
0 0.8046875 0.715625 0.928125 0.715625 0.928125 0.7953125 0.8046875 0.7953125