0 0.371875 0.578125 0.4609375 0.578125 0.4609375 0.734375 0.371875 0.734375
0 0.440625 0.540625 0.5328125 0.540625 0.5328125 0.68125 0.440625 0.68125
0 0.584375 0.5640625 0.7046875 0.5640625 0.7046875 0.6375 0.584375 0.6375
0 0.0578125 0.64375 0.1890625 0.64375 0.1890625 0.715625 0.0578125 0.715625
0 0.15625 0.4078125 0.2421875 0.4078125 0.2421875 0.5578125 0.15625 0.5578125
0 0.190625 0.278125 0.2703125 0.278125 0.2703125 0.4359375 0.190625 0.4359375
1 0.2734375 0.659375 0.3546875 0.659375 0.3546875 0.75 0.2734375 0.75
1 0.3125 0.584375 0.378125 0.584375 0.378125 0.7015625 0.3125 0.7015625
1 0.221875 0.4375 0.3375 0.4375 0.3375 0.503125 0.221875 0.503125
1 0.384375 0.4328125 0.4390625 0.4328125 0.4390625 0.5640625 0.384375 0.5640625
1 0.440625 0.40625 0.5359375 0.40625 0.5359375 0.496875 0.440625 0.496875
1 0.484375 0.5078125 0.5796875 0.5078125 0.5796875 0.5828125 0.484375 0.5828125
1 0.5671875 0.378125 0.671875 0.378125 0.671875 0.45 0.5671875 0.45
1 0.740625 0.4 0.828125 0.4 0.828125 0.5109375 0.740625 0.5109375
1 0.84375 0.4734375 0.934375 0.4734375 0.934375 0.5609375 0.84375 0.5609375
1 0.7828125 0.565625 0.884375 0.565625 0.884375 0.6609375 0.7828125 0.6609375
1 0.6421875 0.64375 0.7265625 0.64375 0.7265625 0.725 0.6421875 0.725
1 0.759375 0.6796875 0.840625 0.6796875 0.840625 0.78125 0.759375 0.78125
0 0.025 0.5078125 0.103125 0.5078125 0.103125 0.6328125 0.025 0.6328125
1 0.059375 0.240625 0.1140625 0.240625 0.1140625 0.38125 0.059375 0.38125
1 0.1703125 0 0.2453125 0 0.2453125 0.071875 0.1703125 0.071875
1 0.3765625 0.04375 0.44375 0.04375 0.44375 0.15625 0.3765625 0.15625
1 0.1296875 0.734375 0.225 0.734375 0.225 0.8390625 0.1296875 0.8390625
1 0 0.6859375 0.053125 0.6859375 0.053125 0.7875 0 0.7875
1 0.4484375 0.6734375 0.54375 0.6734375 0.54375 0.7625 0.4484375 0.7625