0 0.88125 0.534375 0.9921875 0.534375 0.9921875 0.6453125 0.88125 0.6453125
0 0.6328125 0.021875 0.7046875 0.021875 0.7046875 0.1796875 0.6328125 0.1796875
0 0.425 0.2578125 0.553125 0.2578125 0.553125 0.3234375 0.425 0.3234375
0 0.6140625 0.4125 0.7140625 0.4125 0.7140625 0.5375 0.6140625 0.5375
0 0.8359375 0.6375 0.953125 0.6375 0.953125 0.70625 0.8359375 0.70625
0 0.4375 0.646875 0.5 0.646875 0.5 0.815625 0.4375 0.815625
1 0.23125 0.1828125 0.321875 0.1828125 0.321875 0.2828125 0.23125 0.2828125
1 0.4046875 0.3171875 0.5046875 0.3171875 0.5046875 0.4 0.4046875 0.4
1 0.4609375 0.0890625 0.503125 0.0890625 0.503125 0.2078125 0.4609375 0.2078125
1 0.8265625 0.265625 0.9109375 0.265625 0.9109375 0.340625 0.8265625 0.340625
1 0.8578125 0.140625 0.959375 0.140625 0.959375 0.2125 0.8578125 0.2125
1 0.915625 0.3546875 1 0.3546875 1 0.4328125 0.915625 0.4328125
1 0.615625 0.615625 0.7078125 0.615625 0.7078125 0.7015625 0.615625 0.7015625
1 0.575 0.4984375 0.621875 0.4984375 0.621875 0.6375 0.575 0.6375
1 0.5171875 0.5375 0.565625 0.5375 0.565625 0.678125 0.5171875 0.678125
1 0.4234375 0.4875 0.5 0.4875 0.5 0.596875 0.4234375 0.596875
1 0.378125 0.565625 0.428125 0.565625 0.428125 0.70625 0.378125 0.70625
1 0.259375 0.59375 0.3578125 0.59375 0.3578125 0.66875 0.259375 0.66875
1 0.1625 0.546875 0.2125 0.546875 0.2125 0.696875 0.1625 0.696875
1 0.0875 0.5828125 0.14375 0.5828125 0.14375 0.7140625 0.0875 0.7140625
1 0.01875 0.490625 0.115625 0.490625 0.115625 0.5734375 0.01875 0.5734375
1 0.0984375 0.4109375 0.2109375 0.4109375 0.2109375 0.4890625 0.0984375 0.4890625
1 0.76875 0.6484375 0.8328125 0.6484375 0.8328125 0.7671875 0.76875 0.7671875
1 0.19375 0.590625 0.253125 0.590625 0.253125 0.725 0.19375 0.725
1 0 0.0890625 0.0875 0.0890625 0.0875 0.1609375 0 0.1609375