0 0.096875 0.2203125 0.165625 0.2203125 0.165625 0.3921875 0.096875 0.3921875
1 0.6390625 0.2578125 0.709375 0.2578125 0.709375 0.4015625 0.6390625 0.4015625
1 0.7671875 0.1453125 0.859375 0.1453125 0.859375 0.259375 0.7671875 0.259375
1 0.5515625 0.5078125 0.659375 0.5078125 0.659375 0.625 0.5515625 0.625
1 0.3546875 0.54375 0.4546875 0.54375 0.4546875 0.6421875 0.3546875 0.6421875
1 0.115625 0.6046875 0.20625 0.6046875 0.20625 0.725 0.115625 0.725
1 0 0.578125 0.125 0.578125 0.125 0.653125 0 0.653125
1 0 0.6640625 0.078125 0.6640625 0.078125 0.8046875 0 0.8046875
1 0.728125 0.6171875 0.8328125 0.6171875 0.8328125 0.7421875 0.728125 0.7421875
1 0.2484375 0.659375 0.346875 0.659375 0.346875 0.7765625 0.2484375 0.7765625
1 0.33125 0.6421875 0.4109375 0.6421875 0.4109375 0.7796875 0.33125 0.7796875
0 0.4765625 0.603125 0.5734375 0.603125 0.5734375 0.7359375 0.4765625 0.7359375
1 0.4625 0.5203125 0.515625 0.5203125 0.515625 0.6703125 0.4625 0.6703125
1 0.1625 0.7046875 0.25625 0.7046875 0.25625 0.8046875 0.1625 0.8046875
1 0.85 0.734375 0.9484375 0.734375 0.9484375 0.815625 0.85 0.815625
1 0.6578125 0.7421875 0.75625 0.7421875 0.75625 0.815625 0.6578125 0.815625