0 0.0109375 0.0265625 0.1234375 0.0265625 0.1234375 0.190625 0.0109375 0.190625
0 0.48125 0.034375 0.5625 0.034375 0.5625 0.2234375 0.48125 0.2234375
0 0.746875 0.225 0.84375 0.225 0.84375 0.3890625 0.746875 0.3890625
0 0.7609375 0.359375 0.871875 0.359375 0.871875 0.50625 0.7609375 0.50625
0 0.815625 0.61875 0.903125 0.61875 0.903125 0.7734375 0.815625 0.7734375
1 0.1296875 0.38125 0.209375 0.38125 0.209375 0.5359375 0.1296875 0.5359375
0 0.5453125 0.5984375 0.6265625 0.5984375 0.6265625 0.7375 0.5453125 0.7375
0 0.35 0.640625 0.4546875 0.640625 0.4546875 0.775 0.35 0.775
1 0.6046875 0.0484375 0.6890625 0.0484375 0.6890625 0.16875 0.6046875 0.16875
0 0.3109375 0.5640625 0.43125 0.5640625 0.43125 0.696875 0.3109375 0.696875
1 0.1984375 0.615625 0.3109375 0.615625 0.3109375 0.71875 0.1984375 0.71875
1 0.553125 0.403125 0.6625 0.403125 0.6625 0.55 0.553125 0.55
1 0.8078125 0.0703125 0.89375 0.0703125 0.89375 0.209375 0.8078125 0.209375
1 0.025 0.6484375 0.1171875 0.6484375 0.1171875 0.7671875 0.025 0.7671875
1 0.66875 0.55625 0.7421875 0.55625 0.7421875 0.678125 0.66875 0.678125
1 0.7265625 0.565625 0.8265625 0.565625 0.8265625 0.69375 0.7265625 0.69375
1 0.903125 0.7984375 1 0.7984375 1 0.89375 0.903125 0.89375
1 0.7375 0.803125 0.8890625 0.803125 0.8890625 0.9359375 0.7375 0.9359375
1 0.4578125 0.8171875 0.6 0.8171875 0.6 0.9109375 0.4578125 0.9109375
1 0.7578125 0.7328125 0.8390625 0.7328125 0.8390625 0.828125 0.7578125 0.828125
1 0.2640625 0.3390625 0.384375 0.3390625 0.384375 0.4578125 0.2640625 0.4578125
1 0.6546875 0.75625 0.7578125 0.75625 0.7578125 0.8453125 0.6546875 0.8453125
1 0.625 0.6359375 0.7265625 0.6359375 0.7265625 0.725 0.625 0.725
1 0.90625 0.3828125 1 0.3828125 1 0.53125 0.90625 0.53125
1 0.490625 0.575 0.5546875 0.575 0.5546875 0.725 0.490625 0.725
1 0.303125 0.65625 0.39375 0.65625 0.39375 0.765625 0.303125 0.765625
1 0.4125 0.66875 0.503125 0.66875 0.503125 0.7640625 0.4125 0.7640625
1 0.43125 0.728125 0.546875 0.728125 0.546875 0.8265625 0.43125 0.8265625