1 0.190625 0.30625 0.290625 0.30625 0.290625 0.396875 0.190625 0.396875
1 0.4984375 0.0640625 0.5796875 0.0640625 0.5796875 0.2125 0.4984375 0.2125
1 0.5703125 0.0078125 0.6265625 0.0078125 0.6265625 0.1515625 0.5703125 0.1515625
1 0.734375 0.2859375 0.790625 0.2859375 0.790625 0.4296875 0.734375 0.4296875
1 0.9015625 0.2953125 0.9609375 0.2953125 0.9609375 0.440625 0.9015625 0.440625
1 0.7203125 0.6 0.80625 0.6 0.80625 0.703125 0.7203125 0.703125
1 0.3109375 0.415625 0.4203125 0.415625 0.4203125 0.5140625 0.3109375 0.5140625
1 0.3984375 0.4953125 0.4921875 0.4953125 0.4921875 0.578125 0.3984375 0.578125
1 0.490625 0.421875 0.5515625 0.421875 0.5515625 0.5453125 0.490625 0.5453125
1 0.609375 0.44375 0.7078125 0.44375 0.7078125 0.54375 0.609375 0.54375
0 0.2578125 0.5765625 0.3265625 0.5765625 0.3265625 0.725 0.2578125 0.725
1 0.1625 0.6125 0.2578125 0.6125 0.2578125 0.7296875 0.1625 0.7296875
1 0.0421875 0.5640625 0.096875 0.5640625 0.096875 0.70625 0.0421875 0.70625
1 0.5171875 0.5671875 0.6046875 0.5671875 0.6046875 0.6796875 0.5171875 0.6796875
1 0.5125 0.49375 0.5828125 0.49375 0.5828125 0.6109375 0.5125 0.6109375
1 0.653125 0.5421875 0.728125 0.5421875 0.728125 0.653125 0.653125 0.653125
1 0.596875 0.5625 0.6484375 0.5625 0.6484375 0.696875 0.596875 0.696875
1 0.0703125 0.6546875 0.159375 0.6546875 0.159375 0.7421875 0.0703125 0.7421875
1 0.5640625 0.678125 0.621875 0.678125 0.621875 0.7984375 0.5640625 0.7984375
1 0.43125 0.7546875 0.528125 0.7546875 0.528125 0.8140625 0.43125 0.8140625
1 0.6046875 0.746875 0.7125 0.746875 0.7125 0.8390625 0.6046875 0.8390625
1 0.0109375 0.7296875 0.1171875 0.7296875 0.1171875 0.80625 0.0109375 0.80625
1 0.1421875 0.7328125 0.234375 0.7328125 0.234375 0.803125 0.1421875 0.803125
1 0.4109375 0.0234375 0.46875 0.0234375 0.46875 0.171875 0.4109375 0.171875