0 0.171875 0.0484375 0.25 0.0484375 0.25 0.2109375 0.171875 0.2109375
1 0.2546875 0.096875 0.35625 0.096875 0.35625 0.203125 0.2546875 0.203125
1 0.2046875 0.2109375 0.278125 0.2109375 0.278125 0.3515625 0.2046875 0.3515625
1 0.1625 0.5546875 0.228125 0.5546875 0.228125 0.6828125 0.1625 0.6828125
1 0.5203125 0.365625 0.60625 0.365625 0.60625 0.45625 0.5203125 0.45625
1 0.478125 0.446875 0.575 0.446875 0.575 0.5109375 0.478125 0.5109375
1 0.690625 0.45625 0.7515625 0.45625 0.7515625 0.590625 0.690625 0.590625
1 0.8265625 0.515625 0.8921875 0.515625 0.8921875 0.6515625 0.8265625 0.6515625
1 0.846875 0.16875 0.896875 0.16875 0.896875 0.2921875 0.846875 0.2921875
1 0.7671875 0.190625 0.8375 0.190625 0.8375 0.315625 0.7671875 0.315625
1 0.6578125 0.21875 0.759375 0.21875 0.759375 0.3171875 0.6578125 0.3171875
1 0.44375 0.1046875 0.553125 0.1046875 0.553125 0.1765625 0.44375 0.1765625
1 0.2703125 0.628125 0.3796875 0.628125 0.3796875 0.728125 0.2703125 0.728125
1 0.7359375 0.6546875 0.8375 0.6546875 0.8375 0.7234375 0.7359375 0.7234375
1 0.5671875 0.5359375 0.653125 0.5359375 0.653125 0.6375 0.5671875 0.6375
1 0.575 0.465625 0.68125 0.465625 0.68125 0.5359375 0.575 0.5359375
1 0.646875 0.3703125 0.7296875 0.3703125 0.7296875 0.46875 0.646875 0.46875
1 0.63125 0.321875 0.734375 0.321875 0.734375 0.3828125 0.63125 0.3828125
1 0.703125 0.10625 0.7671875 0.10625 0.7671875 0.21875 0.703125 0.21875
1 0.6359375 0.56875 0.68125 0.56875 0.68125 0.7015625 0.6359375 0.7015625
1 0.0859375 0.7484375 0.19375 0.7484375 0.19375 0.821875 0.0859375 0.821875
1 0.5140625 0.6671875 0.55625 0.6671875 0.55625 0.7828125 0.5140625 0.7828125