0 0.3921875 0.1921875 0.4640625 0.1921875 0.4640625 0.346875 0.3921875 0.346875
0 0.2984375 0.4484375 0.39375 0.4484375 0.39375 0.5875 0.2984375 0.5875
0 0.1265625 0.265625 0.21875 0.265625 0.21875 0.4125 0.1265625 0.4125
0 0.290625 0.2765625 0.3703125 0.2765625 0.3703125 0.421875 0.290625 0.421875
1 0.240625 0.3609375 0.309375 0.3609375 0.309375 0.475 0.240625 0.475
1 0.3671875 0.375 0.4328125 0.375 0.4328125 0.5109375 0.3671875 0.5109375
1 0.6328125 0.209375 0.6921875 0.209375 0.6921875 0.3484375 0.6328125 0.3484375
1 0.6453125 0.090625 0.7640625 0.090625 0.7640625 0.215625 0.6453125 0.215625
1 0.71875 0.440625 0.821875 0.440625 0.821875 0.5171875 0.71875 0.5171875
1 0.61875 0.428125 0.7078125 0.428125 0.7078125 0.5125 0.61875 0.5125
1 0.865625 0.46875 0.9578125 0.46875 0.9578125 0.5734375 0.865625 0.5734375
1 0.48125 0.515625 0.5734375 0.515625 0.5734375 0.6015625 0.48125 0.6015625
1 0.2375 0.5328125 0.325 0.5328125 0.325 0.61875 0.2375 0.61875
1 0.2578125 0.609375 0.3125 0.609375 0.3125 0.7453125 0.2578125 0.7453125
1 0.440625 0.646875 0.490625 0.646875 0.490625 0.778125 0.440625 0.778125
1 0.765625 0.5828125 0.8171875 0.5828125 0.8171875 0.7234375 0.765625 0.7234375
1 0.815625 0.59375 0.9078125 0.59375 0.9078125 0.696875 0.815625 0.696875
1 0.9484375 0.290625 1 0.290625 1 0.43125 0.9484375 0.43125
1 0.1359375 0.578125 0.2 0.578125 0.2 0.7109375 0.1359375 0.7109375
1 0.3234375 0.6296875 0.371875 0.6296875 0.371875 0.75625 0.3234375 0.75625
1 0.546875 0.671875 0.6265625 0.671875 0.6265625 0.7640625 0.546875 0.7640625