0 0.2359375 0.4984375 0.365625 0.4984375 0.365625 0.5921875 0.2359375 0.5921875
0 0.171875 0.3171875 0.2984375 0.3171875 0.2984375 0.434375 0.171875 0.434375
1 0.821875 0.2921875 0.909375 0.2921875 0.909375 0.421875 0.821875 0.421875
1 0.94375 0.0984375 0.996875 0.0984375 0.996875 0.2203125 0.94375 0.2203125
1 0.5296875 0.153125 0.6046875 0.153125 0.6046875 0.3140625 0.5296875 0.3140625
1 0.421875 0.184375 0.471875 0.184375 0.471875 0.31875 0.421875 0.31875
1 0.428125 0.3671875 0.4921875 0.3671875 0.4921875 0.5203125 0.428125 0.5203125
1 0.525 0.49375 0.5703125 0.49375 0.5703125 0.640625 0.525 0.640625
1 0.6265625 0.3921875 0.6984375 0.3921875 0.6984375 0.5078125 0.6265625 0.5078125
1 0.578125 0.3484375 0.640625 0.3484375 0.640625 0.459375 0.578125 0.459375
1 0.3703125 0.5859375 0.459375 0.5859375 0.459375 0.684375 0.3703125 0.684375
1 0.0984375 0.4546875 0.153125 0.4546875 0.153125 0.590625 0.0984375 0.590625
1 0.103125 0.0171875 0.190625 0.0171875 0.190625 0.1328125 0.103125 0.1328125
1 0.0390625 0.03125 0.1171875 0.03125 0.1171875 0.1703125 0.0390625 0.1703125
1 0.8921875 0.6015625 0.965625 0.6015625 0.965625 0.7078125 0.8921875 0.7078125
0 0.7 0.6421875 0.8265625 0.6421875 0.8265625 0.7390625 0.7 0.7390625
1 0.3484375 0.353125 0.4203125 0.353125 0.4203125 0.5234375 0.3484375 0.5234375