1 0.7328125 0.3171875 0.8109375 0.3171875 0.8109375 0.459375 0.7328125 0.459375
1 0.5953125 0.365625 0.6859375 0.365625 0.6859375 0.4796875 0.5953125 0.4796875
1 0.5390625 0.4515625 0.621875 0.4515625 0.621875 0.5546875 0.5390625 0.5546875
1 0.6234375 0.653125 0.728125 0.653125 0.728125 0.7671875 0.6234375 0.7671875
1 0.890625 0.425 0.946875 0.425 0.946875 0.59375 0.890625 0.59375
1 0.325 0.4125 0.4234375 0.4125 0.4234375 0.5046875 0.325 0.5046875
1 0.121875 0.5328125 0.18125 0.5328125 0.18125 0.653125 0.121875 0.653125
1 0.3421875 0.596875 0.3953125 0.596875 0.3953125 0.721875 0.3421875 0.721875
1 0.315625 0.55 0.41875 0.55 0.41875 0.6109375 0.315625 0.6109375
0 0.196875 0.6328125 0.3140625 0.6328125 0.3140625 0.7515625 0.196875 0.7515625
1 0 0.5953125 0.0703125 0.5953125 0.0703125 0.7390625 0 0.7390625
1 0.7671875 0.6375 0.8375 0.6375 0.8375 0.7796875 0.7671875 0.7796875
1 0.721875 0.6 0.83125 0.6 0.83125 0.7 0.721875 0.7
1 0.9046875 0.5765625 0.9984375 0.5765625 0.9984375 0.7109375 0.9046875 0.7109375
0 0.234375 0.475 0.3703125 0.475 0.3703125 0.5515625 0.234375 0.5515625
1 0.2640625 0.571875 0.3328125 0.571875 0.3328125 0.675 0.2640625 0.675
1 0.43125 0.6796875 0.503125 0.6796875 0.503125 0.7859375 0.43125 0.7859375
1 0.3546875 0.059375 0.4140625 0.059375 0.4140625 0.1984375 0.3546875 0.1984375
1 0.2375 0.828125 0.39375 0.828125 0.39375 0.9484375 0.2375 0.9484375
0 0.3859375 0.709375 0.4796875 0.709375 0.4796875 0.825 0.3859375 0.825
1 0.1171875 0.753125 0.24375 0.753125 0.24375 0.83125 0.1171875 0.83125
1 0.309375 0.7390625 0.3875 0.7390625 0.3875 0.81875 0.309375 0.81875
1 0.84375 0.65625 0.9140625 0.65625 0.9140625 0.7671875 0.84375 0.7671875
1 0.2078125 0.55625 0.284375 0.55625 0.284375 0.6484375 0.2078125 0.6484375