0 0.8359375 0.14375 0.8953125 0.14375 0.8953125 0.309375 0.8359375 0.309375
1 0.2796875 0.025 0.3546875 0.025 0.3546875 0.1734375 0.2796875 0.1734375
1 0.1734375 0.040625 0.2609375 0.040625 0.2609375 0.153125 0.1734375 0.153125
1 0.8984375 0.2859375 0.990625 0.2859375 0.990625 0.3890625 0.8984375 0.3890625
1 0.815625 0.3125 0.884375 0.3125 0.884375 0.440625 0.815625 0.440625
1 0.7625 0.28125 0.825 0.28125 0.825 0.4140625 0.7625 0.4140625
1 0.828125 0.4671875 0.8984375 0.4671875 0.8984375 0.60625 0.828125 0.60625
1 0.8953125 0.5953125 0.95625 0.5953125 0.95625 0.7359375 0.8953125 0.7359375
1 0.6796875 0.6359375 0.7484375 0.6359375 0.7484375 0.75625 0.6796875 0.75625
1 0.6453125 0.53125 0.6984375 0.53125 0.6984375 0.671875 0.6453125 0.671875
1 0.578125 0.646875 0.6453125 0.646875 0.6453125 0.778125 0.578125 0.778125
1 0.575 0.4921875 0.6375 0.4921875 0.6375 0.6171875 0.575 0.6171875
1 0.528125 0.471875 0.5875 0.471875 0.5875 0.6171875 0.528125 0.6171875
1 0.5015625 0.390625 0.5609375 0.390625 0.5609375 0.515625 0.5015625 0.515625
1 0.0546875 0.4609375 0.128125 0.4609375 0.128125 0.596875 0.0546875 0.596875
1 0.0671875 0.6078125 0.178125 0.6078125 0.178125 0.703125 0.0671875 0.703125
1 0.1109375 0.68125 0.1984375 0.68125 0.1984375 0.7953125 0.1109375 0.7953125
1 0.01875 0.7375 0.103125 0.7375 0.103125 0.815625 0.01875 0.815625
1 0.303125 0.5734375 0.4 0.5734375 0.4 0.6515625 0.303125 0.6515625
1 0.3953125 0.5765625 0.4578125 0.5765625 0.4578125 0.7109375 0.3953125 0.7109375
1 0.4546875 0.6296875 0.553125 0.6296875 0.553125 0.7 0.4546875 0.7
1 0.4890625 0.696875 0.5421875 0.696875 0.5421875 0.821875 0.4890625 0.821875
1 0.8328125 0.7421875 0.9421875 0.7421875 0.9421875 0.8140625 0.8328125 0.8140625