0 0.478125 0.2359375 0.534375 0.2359375 0.534375 0.4046875 0.478125 0.4046875
0 0.3140625 0.528125 0.375 0.528125 0.375 0.70625 0.3140625 0.70625
0 0.38125 0.5265625 0.4625 0.5265625 0.4625 0.690625 0.38125 0.690625
0 0.378125 0.446875 0.490625 0.446875 0.490625 0.5296875 0.378125 0.5296875
0 0.7828125 0.2328125 0.8734375 0.2328125 0.8734375 0.3703125 0.7828125 0.3703125
0 0.75625 0.090625 0.8515625 0.090625 0.8515625 0.228125 0.75625 0.228125
0 0.571875 0.459375 0.6921875 0.459375 0.6921875 0.5765625 0.571875 0.5765625
0 0.6640625 0.55625 0.7359375 0.55625 0.7359375 0.7171875 0.6640625 0.7171875
1 0.2046875 0.3984375 0.265625 0.3984375 0.265625 0.53125 0.2046875 0.53125
1 0.0984375 0.3546875 0.2 0.3546875 0.2 0.434375 0.0984375 0.434375
1 0.5984375 0.5765625 0.6765625 0.5765625 0.6765625 0.69375 0.5984375 0.69375
1 0.5140625 0.5890625 0.559375 0.5890625 0.559375 0.734375 0.5140625 0.734375
1 0.7390625 0.3796875 0.809375 0.3796875 0.809375 0.5046875 0.7390625 0.5046875
1 0.86875 0.1578125 0.93125 0.1578125 0.93125 0.2859375 0.86875 0.2859375
1 0.940625 0.5421875 0.9875 0.5421875 0.9875 0.6625 0.940625 0.6625
1 0.7234375 0.6703125 0.821875 0.6703125 0.821875 0.75 0.7234375 0.75
0 0.178125 0.621875 0.2734375 0.621875 0.2734375 0.765625 0.178125 0.765625
0 0.1515625 0.5515625 0.2375 0.5515625 0.2375 0.709375 0.1515625 0.709375