0 0.2484375 0.6109375 0.371875 0.6109375 0.371875 0.7609375 0.2484375 0.7609375
1 0.5734375 0.403125 0.6625 0.403125 0.6625 0.534375 0.5734375 0.534375
1 0.4875 0.415625 0.5734375 0.415625 0.5734375 0.521875 0.4875 0.521875
1 0.8296875 0.346875 0.928125 0.346875 0.928125 0.4546875 0.8296875 0.4546875
1 0.84375 0.140625 0.9125 0.140625 0.9125 0.2671875 0.84375 0.2671875
1 0.51875 0.2078125 0.6265625 0.2078125 0.6265625 0.28125 0.51875 0.28125
1 0.1484375 0.01875 0.2390625 0.01875 0.2390625 0.14375 0.1484375 0.14375
1 0.0375 0.2234375 0.1171875 0.2234375 0.1171875 0.3625 0.0375 0.3625
1 0.1765625 0.56875 0.2296875 0.56875 0.2296875 0.7203125 0.1765625 0.7203125
1 0.059375 0.690625 0.153125 0.690625 0.153125 0.796875 0.059375 0.796875
1 0.4328125 0.61875 0.5078125 0.61875 0.5078125 0.7484375 0.4328125 0.7484375
1 0.8171875 0.61875 0.878125 0.61875 0.878125 0.759375 0.8171875 0.759375