0 0.4 0.5671875 0.4609375 0.5671875 0.4609375 0.7296875 0.4 0.7296875
1 0.184375 0.1234375 0.2640625 0.1234375 0.2640625 0.2734375 0.184375 0.2734375
1 0.271875 0.146875 0.365625 0.146875 0.365625 0.25 0.271875 0.25
1 0.2578125 0.2046875 0.346875 0.2046875 0.346875 0.3234375 0.2578125 0.3234375
1 0.015625 0.0734375 0.0796875 0.0734375 0.0796875 0.1984375 0.015625 0.1984375
1 0.196875 0.296875 0.278125 0.296875 0.278125 0.4109375 0.196875 0.4109375
1 0.1984375 0.41875 0.2515625 0.41875 0.2515625 0.5390625 0.1984375 0.5390625
1 0.3078125 0.5171875 0.359375 0.5171875 0.359375 0.6578125 0.3078125 0.6578125
1 0.4 0.446875 0.459375 0.446875 0.459375 0.575 0.4 0.575
1 0.459375 0.509375 0.5359375 0.509375 0.5359375 0.609375 0.459375 0.609375
1 0.4625 0.60625 0.5265625 0.60625 0.5265625 0.7234375 0.4625 0.7234375
1 0.6546875 0.11875 0.7640625 0.11875 0.7640625 0.2 0.6546875 0.2
1 0.7734375 0.5453125 0.8453125 0.5453125 0.8453125 0.6953125 0.7734375 0.6953125
1 0.684375 0.625 0.7671875 0.625 0.7671875 0.74375 0.684375 0.74375
1 0.5390625 0.6515625 0.6328125 0.6515625 0.6328125 0.7578125 0.5390625 0.7578125
1 0.11875 0.60625 0.2203125 0.60625 0.2203125 0.6734375 0.11875 0.6734375
1 0.034375 0.621875 0.1265625 0.621875 0.1265625 0.70625 0.034375 0.70625
1 0.003125 0.7609375 0.0875 0.7609375 0.0875 0.83125 0.003125 0.83125
1 0.3109375 0.65625 0.3734375 0.65625 0.3734375 0.775 0.3109375 0.775
1 0.8734375 0.56875 0.9703125 0.56875 0.9703125 0.646875 0.8734375 0.646875
1 0.128125 0.6890625 0.2015625 0.6890625 0.2015625 0.778125 0.128125 0.778125