0 0.778125 0.615625 0.903125 0.615625 0.903125 0.73125 0.778125 0.73125
0 0.1875 0.4828125 0.2890625 0.4828125 0.2890625 0.6109375 0.1875 0.6109375
0 0.321875 0.5125 0.43125 0.5125 0.43125 0.6171875 0.321875 0.6171875
1 0.3015625 0.6140625 0.353125 0.6140625 0.353125 0.7421875 0.3015625 0.7421875
1 0.440625 0.60625 0.534375 0.60625 0.534375 0.69375 0.440625 0.69375
1 0.5125 0.5109375 0.55625 0.5109375 0.55625 0.65 0.5125 0.65
1 0.64375 0.45625 0.728125 0.45625 0.728125 0.5953125 0.64375 0.5953125
1 0.8609375 0.359375 0.9265625 0.359375 0.9265625 0.5078125 0.8609375 0.5078125
1 0.815625 0.515625 0.925 0.515625 0.925 0.5984375 0.815625 0.5984375
1 0.4546875 0.16875 0.5265625 0.16875 0.5265625 0.278125 0.4546875 0.278125
1 0.2640625 0.1453125 0.3234375 0.1453125 0.3234375 0.2765625 0.2640625 0.2765625
1 0.0015625 0.10625 0.0625 0.10625 0.0625 0.2203125 0.0015625 0.2203125
1 0.63125 0.6921875 0.6703125 0.6921875 0.6703125 0.8171875 0.63125 0.8171875
0 0.7015625 0.6484375 0.7796875 0.6484375 0.7796875 0.8109375 0.7015625 0.8109375