0 0.9125 0.18125 0.9796875 0.18125 0.9796875 0.3453125 0.9125 0.3453125
0 0.31875 0.4453125 0.390625 0.4453125 0.390625 0.6078125 0.31875 0.6078125
0 0.7734375 0.31875 0.896875 0.31875 0.896875 0.4203125 0.7734375 0.4203125
0 0.7796875 0.434375 0.90625 0.434375 0.90625 0.515625 0.7796875 0.515625
0 0.0640625 0.6296875 0.190625 0.6296875 0.190625 0.715625 0.0640625 0.715625
0 0 0.3171875 0.04375 0.3171875 0.04375 0.4921875 0 0.4921875
1 0.565625 0.4046875 0.665625 0.4046875 0.665625 0.4828125 0.565625 0.4828125
1 0.5734375 0.4921875 0.684375 0.4921875 0.684375 0.5796875 0.5734375 0.5796875
1 0.4078125 0.625 0.515625 0.625 0.515625 0.696875 0.4078125 0.696875
1 0.2421875 0.4734375 0.29375 0.4734375 0.29375 0.61875 0.2421875 0.61875
1 0.175 0.371875 0.2796875 0.371875 0.2796875 0.4421875 0.175 0.4421875
1 0.03125 0.4546875 0.1265625 0.4546875 0.1265625 0.565625 0.03125 0.565625
1 0.0703125 0.55 0.1875 0.55 0.1875 0.6203125 0.0703125 0.6203125
1 0.3046875 0.6578125 0.40625 0.6578125 0.40625 0.7234375 0.3046875 0.7234375
1 0.5234375 0.1734375 0.615625 0.1734375 0.615625 0.278125 0.5234375 0.278125
1 0.6578125 0.190625 0.7375 0.190625 0.7375 0.3 0.6578125 0.3
1 0.9125 0.5640625 0.984375 0.5640625 0.984375 0.690625 0.9125 0.690625
1 0.421875 0.4984375 0.5125 0.4984375 0.5125 0.5875 0.421875 0.5875
1 0.2046875 0.60625 0.3046875 0.60625 0.3046875 0.6953125 0.2046875 0.6953125
1 0.7546875 0.5328125 0.865625 0.5328125 0.865625 0.621875 0.7546875 0.621875
1 0.7859375 0.15625 0.8578125 0.15625 0.8578125 0.2765625 0.7859375 0.2765625