0 0.6828125 0.034375 0.778125 0.034375 0.778125 0.18125 0.6828125 0.18125
0 0.5921875 0.240625 0.709375 0.240625 0.709375 0.3578125 0.5921875 0.3578125
0 0.6609375 0.4953125 0.7765625 0.4953125 0.7765625 0.628125 0.6609375 0.628125
0 0.5390625 0.3828125 0.6140625 0.3828125 0.6140625 0.54375 0.5390625 0.54375
0 0.81875 0.64375 0.878125 0.64375 0.878125 0.8046875 0.81875 0.8046875
1 0.9234375 0.0734375 0.9734375 0.0734375 0.9734375 0.215625 0.9234375 0.215625
1 0.8359375 0.015625 0.921875 0.015625 0.921875 0.0921875 0.8359375 0.0921875
1 0.453125 0.15625 0.4984375 0.15625 0.4984375 0.3015625 0.453125 0.3015625
1 0.109375 0.0734375 0.1921875 0.0734375 0.1921875 0.1875 0.109375 0.1875
1 0.109375 0.240625 0.178125 0.240625 0.178125 0.3625 0.109375 0.3625
1 0.0734375 0.3953125 0.1453125 0.3953125 0.1453125 0.515625 0.0734375 0.515625
1 0.1296875 0.55625 0.221875 0.55625 0.221875 0.6765625 0.1296875 0.6765625
1 0.0828125 0.5421875 0.1359375 0.5421875 0.1359375 0.6734375 0.0828125 0.6734375
1 0 0.425 0.0578125 0.425 0.0578125 0.5484375 0 0.5484375
1 0.4265625 0.5171875 0.496875 0.5171875 0.496875 0.640625 0.4265625 0.640625
0 0.49375 0.6 0.5671875 0.6 0.5671875 0.7484375 0.49375 0.7484375
1 0.7046875 0.5734375 0.7984375 0.5734375 0.7984375 0.6671875 0.7046875 0.6671875
1 0.9015625 0.4734375 0.965625 0.4734375 0.965625 0.6234375 0.9015625 0.6234375
1 0.58125 0.5078125 0.671875 0.5078125 0.671875 0.6046875 0.58125 0.6046875
1 0.6484375 0.3375 0.7234375 0.3375 0.7234375 0.45 0.6484375 0.45
1 0.703125 0.365625 0.778125 0.365625 0.778125 0.4796875 0.703125 0.4796875
1 0.5484375 0.6609375 0.6296875 0.6609375 0.6296875 0.75625 0.5484375 0.75625
1 0.3546875 0.3453125 0.4390625 0.3453125 0.4390625 0.515625 0.3546875 0.515625
1 0.328125 0.38125 0.3828125 0.38125 0.3828125 0.4984375 0.328125 0.4984375
1 0.7375 0 0.8203125 0 0.8203125 0.0921875 0.7375 0.0921875
1 0.8796875 0.709375 0.971875 0.709375 0.971875 0.790625 0.8796875 0.790625
1 0 0.6421875 0.1 0.6421875 0.1 0.7171875 0 0.7171875