0 0.5015625 0.1609375 0.61875 0.1609375 0.61875 0.371875 0.5015625 0.371875
0 0.49375 0.375 0.6328125 0.375 0.6328125 0.5078125 0.49375 0.5078125
0 0.6375 0.3578125 0.73125 0.3578125 0.73125 0.5046875 0.6375 0.5046875
1 0.6140625 0.246875 0.684375 0.246875 0.684375 0.4109375 0.6140625 0.4109375
1 0.90625 0.3515625 1 0.3515625 1 0.4984375 0.90625 0.4984375
1 0.9140625 0.5015625 1 0.5015625 1 0.6109375 0.9140625 0.6109375
1 0.8625 0.6171875 0.9828125 0.6171875 0.9828125 0.7140625 0.8625 0.7140625
1 0.0671875 0.1828125 0.2046875 0.1828125 0.2046875 0.31875 0.0671875 0.31875
1 0.334375 0.6453125 0.4 0.6453125 0.4 0.8125 0.334375 0.8125
1 0.4171875 0.63125 0.48125 0.63125 0.48125 0.8015625 0.4171875 0.8015625
1 0.48125 0.603125 0.5765625 0.603125 0.5765625 0.7484375 0.48125 0.7484375
0 0.590625 0.603125 0.6953125 0.603125 0.6953125 0.7375 0.590625 0.7375
1 0.4390625 0.4984375 0.5484375 0.4984375 0.5484375 0.5890625 0.4390625 0.5890625
1 0.5578125 0.5125 0.671875 0.5125 0.671875 0.6015625 0.5578125 0.6015625