0 0.38125 0.1609375 0.4984375 0.1609375 0.4984375 0.371875 0.38125 0.371875
0 0.36875 0.375 0.5078125 0.375 0.5078125 0.5078125 0.36875 0.5078125
0 0.26875 0.3578125 0.3625 0.3578125 0.3625 0.5046875 0.26875 0.5046875
1 0.3171875 0.246875 0.3875 0.246875 0.3875 0.4109375 0.3171875 0.4109375
1 0 0.3515625 0.09375 0.3515625 0.09375 0.4984375 0 0.4984375
1 0 0.5015625 0.0859375 0.5015625 0.0859375 0.6109375 0 0.6109375
1 0.0171875 0.6171875 0.1375 0.6171875 0.1375 0.7140625 0.0171875 0.7140625
1 0.7953125 0.1828125 0.9328125 0.1828125 0.9328125 0.31875 0.7953125 0.31875
1 0.6 0.6453125 0.665625 0.6453125 0.665625 0.8125 0.6 0.8125
1 0.51875 0.63125 0.5828125 0.63125 0.5828125 0.8015625 0.51875 0.8015625
1 0.425 0.603125 0.5203125 0.603125 0.5203125 0.7484375 0.425 0.7484375
0 0.3046875 0.603125 0.409375 0.603125 0.409375 0.7375 0.3046875 0.7375
1 0.4515625 0.4984375 0.5609375 0.4984375 0.5609375 0.5890625 0.4515625 0.5890625
1 0.328125 0.5125 0.4421875 0.5125 0.4421875 0.6015625 0.328125 0.6015625